   1714 3
   0.0000000e+00   0.0000000e+00   2.0000000e+00
   0.0000000e+00   5.0976315e+00   2.0000000e+00
   0.0000000e+00   1.0346043e+01   2.0000000e+00
   0.0000000e+00   1.5591375e+01   2.0000000e+00
   0.0000000e+00   2.0840789e+01   2.0000000e+00
   0.0000000e+00   2.6101208e+01   2.0000000e+00
   0.0000000e+00   3.1380729e+01   2.0000000e+00
   0.0000000e+00   3.6686460e+01   2.0000000e+00
   0.0000000e+00   4.2025912e+01   2.0000000e+00
   0.0000000e+00   4.7427194e+01   2.0000000e+00
   0.0000000e+00   2.4653714e+00   2.0000000e+00
   0.0000000e+00   7.7316436e+00   2.0000000e+00
   0.0000000e+00   1.2976466e+01   2.0000000e+00
   0.0000000e+00   1.8221688e+01   2.0000000e+00
   0.0000000e+00   2.3474587e+01   2.0000000e+00
   0.0000000e+00   2.8743002e+01   2.0000000e+00
   0.0000000e+00   3.4033197e+01   2.0000000e+00
   0.0000000e+00   3.9348984e+01   2.0000000e+00
   0.0000000e+00   4.4690293e+01   2.0000000e+00
   0.0000000e+00   5.0000000e+01   2.0000000e+00
   2.6007771e+00   0.0000000e+00   2.0000000e+00
   2.4333966e+00   5.1375185e+00   2.0000000e+00
   2.4366115e+00   1.0374799e+01   2.0000000e+00
   2.4384051e+00   1.5615463e+01   2.0000000e+00
   2.4394239e+00   2.0859737e+01   2.0000000e+00
   2.4393309e+00   2.6117395e+01   2.0000000e+00
   2.4380470e+00   3.1393849e+01   2.0000000e+00
   2.4354256e+00   3.6689309e+01   2.0000000e+00
   2.4303395e+00   4.1997033e+01   2.0000000e+00
   2.4066973e+00   4.7321929e+01   2.0000000e+00
   3.4232372e+00   2.5670561e+00   2.0000000e+00
   3.3620210e+00   7.7645905e+00   2.0000000e+00
   3.3612931e+00   1.3000697e+01   2.0000000e+00
   3.3669061e+00   1.8239470e+01   2.0000000e+00
   3.3711729e+00   2.3488184e+01   2.0000000e+00
   3.3748342e+00   2.8754027e+01   2.0000000e+00
   3.3786751e+00   3.4039319e+01   2.0000000e+00
   3.3824281e+00   3.9340283e+01   2.0000000e+00
   3.3728917e+00   4.4650795e+01   2.0000000e+00
   3.2431620e+00   5.0000000e+01   2.0000000e+00
   5.5146705e+00   0.0000000e+00   2.0000000e+00
   5.3349450e+00   5.1888249e+00   2.0000000e+00
   5.3142417e+00   1.0393978e+01   2.0000000e+00
   5.3186151e+00   1.5623557e+01   2.0000000e+00
   5.3226879e+00   2.0863477e+01   2.0000000e+00
   5.3246959e+00   2.6118620e+01   2.0000000e+00
   5.3258880e+00   3.1393201e+01   2.0000000e+00
   5.3271968e+00   3.6686368e+01   2.0000000e+00
   5.3244883e+00   4.1995431e+01   2.0000000e+00
   5.2694909e+00   4.7336655e+01   2.0000000e+00
   6.7151331e+00   2.6065577e+00   2.0000000e+00
   6.6446486e+00   7.7993492e+00   2.0000000e+00
   6.6356936e+00   1.3012672e+01   2.0000000e+00
   6.6418301e+00   1.8243683e+01   2.0000000e+00
   6.6469576e+00   2.3489080e+01   2.0000000e+00
   6.6510987e+00   2.8753020e+01   2.0000000e+00
   6.6558821e+00   3.4037254e+01   2.0000000e+00
   6.6593859e+00   3.9340469e+01   2.0000000e+00
   6.6376216e+00   4.4667786e+01   2.0000000e+00
   6.5097518e+00   5.0000000e+01   2.0000000e+00
   8.5432134e+00   0.0000000e+00   2.0000000e+00
   8.4002592e+00   5.2137925e+00   2.0000000e+00
   8.3693010e+00   1.0413054e+01   2.0000000e+00
   8.3693722e+00   1.5629750e+01   2.0000000e+00
   8.3741122e+00   2.0864855e+01   2.0000000e+00
   8.3771450e+00   2.6118000e+01   2.0000000e+00
   8.3797747e+00   3.1391779e+01   2.0000000e+00
   8.3825164e+00   3.6687218e+01   2.0000000e+00
   8.3747707e+00   4.2007049e+01   2.0000000e+00
   8.3175128e+00   4.7343138e+01   2.0000000e+00
   9.9174559e+00   2.6168500e+00   2.0000000e+00
   9.8556100e+00   7.8183203e+00   2.0000000e+00
   9.8428479e+00   1.3023653e+01   2.0000000e+00
   9.8458187e+00   1.8246795e+01   2.0000000e+00
   9.8502101e+00   2.3489265e+01   2.0000000e+00
   9.8539566e+00   2.8752070e+01   2.0000000e+00
   9.8579784e+00   3.4037289e+01   2.0000000e+00
   9.8577719e+00   3.9347093e+01   2.0000000e+00
   9.8332455e+00   4.4678036e+01   2.0000000e+00
   9.7392802e+00   5.0000000e+01   2.0000000e+00
   1.1614964e+01   0.0000000e+00   2.0000000e+00
   1.1513811e+01   5.2223179e+00   2.0000000e+00
   1.1484488e+01   1.0423615e+01   2.0000000e+00
   1.1480993e+01   1.5635467e+01   2.0000000e+00
   1.1483802e+01   2.0866384e+01   2.0000000e+00
   1.1486612e+01   2.6117993e+01   2.0000000e+00
   1.1489136e+01   3.1391949e+01   2.0000000e+00
   1.1490152e+01   3.6690736e+01   2.0000000e+00
   1.1480029e+01   4.2013245e+01   2.0000000e+00
   1.1432264e+01   4.7344947e+01   2.0000000e+00
   1.3075932e+01   2.6171594e+00   2.0000000e+00
   1.3027972e+01   7.8243691e+00   2.0000000e+00
   1.3015204e+01   1.3029658e+01   2.0000000e+00
   1.3015155e+01   1.8249803e+01   2.0000000e+00
   1.3017711e+01   2.3490072e+01   2.0000000e+00
   1.3020348e+01   2.8752421e+01   2.0000000e+00
   1.3022330e+01   3.4039144e+01   2.0000000e+00
   1.3019470e+01   3.9350802e+01   2.0000000e+00
   1.2997327e+01   4.4680119e+01   2.0000000e+00
   1.2931779e+01   5.0000000e+01   2.0000000e+00
   1.4710556e+01   0.0000000e+00   2.0000000e+00
   1.4641291e+01   5.2219987e+00   2.0000000e+00
   1.4617579e+01   1.0426639e+01   2.0000000e+00
   1.4612510e+01   1.5638609e+01   2.0000000e+00
   1.4613084e+01   2.0868078e+01   2.0000000e+00
   1.4614656e+01   2.6118801e+01   2.0000000e+00
   1.4615894e+01   3.1393214e+01   2.0000000e+00
   1.4614992e+01   3.6692764e+01   2.0000000e+00
   1.4604812e+01   4.2014289e+01   2.0000000e+00
   1.4568762e+01   4.7342986e+01   2.0000000e+00
   1.6216105e+01   2.6140596e+00   2.0000000e+00
   1.6180783e+01   7.8234052e+00   2.0000000e+00
   1.6169649e+01   1.3031079e+01   2.0000000e+00
   1.6167643e+01   1.8251523e+01   2.0000000e+00
   1.6168284e+01   2.3491208e+01   2.0000000e+00
   1.6169297e+01   2.8753453e+01   2.0000000e+00
   1.6169326e+01   3.4040351e+01   2.0000000e+00
   1.6165051e+01   3.9351177e+01   2.0000000e+00
   1.6146865e+01   4.4677998e+01   2.0000000e+00
   1.6101802e+01   5.0000000e+01   2.0000000e+00
   1.7820507e+01   0.0000000e+00   2.0000000e+00
   1.7773055e+01   5.2181519e+00   2.0000000e+00
   1.7754805e+01   1.0425235e+01   2.0000000e+00
   1.7749329e+01   1.5639189e+01   2.0000000e+00
   1.7748187e+01   2.0869116e+01   2.0000000e+00
   1.7748249e+01   2.6119771e+01   2.0000000e+00
   1.7747996e+01   3.1394058e+01   2.0000000e+00
   1.7745665e+01   3.6692800e+01   2.0000000e+00
   1.7736331e+01   4.2012209e+01   2.0000000e+00
   1.7709567e+01   4.7339870e+01   2.0000000e+00
   1.9350656e+01   2.6102308e+00   2.0000000e+00
   1.9324629e+01   7.8195914e+00   2.0000000e+00
   1.9315155e+01   1.3029721e+01   2.0000000e+00
   1.9312021e+01   1.8251743e+01   2.0000000e+00
   1.9311110e+01   2.3491891e+01   2.0000000e+00
   1.9310619e+01   2.8754051e+01   2.0000000e+00
   1.9309133e+01   3.4040253e+01   2.0000000e+00
   1.9304172e+01   3.9349325e+01   2.0000000e+00
   1.9289299e+01   4.4674250e+01   2.0000000e+00
   1.9256741e+01   5.0000000e+01   2.0000000e+00
   2.0941794e+01   0.0000000e+00   2.0000000e+00
   2.0907823e+01   5.2133400e+00   2.0000000e+00
   2.0893394e+01   1.0421901e+01   2.0000000e+00
   2.0887832e+01   1.5638040e+01   2.0000000e+00
   2.0885516e+01   2.0869153e+01   2.0000000e+00
   2.0884312e+01   2.6120067e+01   2.0000000e+00
   2.0882817e+01   3.1393880e+01   2.0000000e+00
   2.0879493e+01   3.6691232e+01   2.0000000e+00
   2.0870870e+01   4.2008631e+01   2.0000000e+00
   2.0849766e+01   4.7336565e+01   2.0000000e+00
   2.2486780e+01   2.6064823e+00   2.0000000e+00
   2.2466316e+01   7.8149065e+00   2.0000000e+00
   2.2457824e+01   1.3027023e+01   2.0000000e+00
   2.2453979e+01   1.8250781e+01   2.0000000e+00
   2.2451980e+01   2.3491677e+01   2.0000000e+00
   2.2450363e+01   2.8753697e+01   2.0000000e+00
   2.2447802e+01   3.4038886e+01   2.0000000e+00
   2.2442356e+01   3.9346158e+01   2.0000000e+00
   2.2429241e+01   4.4669927e+01   2.0000000e+00
   2.2402485e+01   5.0000000e+01   2.0000000e+00
   2.4074788e+01   0.0000000e+00   2.0000000e+00
   2.4047565e+01   5.2083849e+00   2.0000000e+00
   2.4034960e+01   1.0417834e+01   2.0000000e+00
   2.4029209e+01   1.5635905e+01   2.0000000e+00
   2.4026119e+01   2.0868242e+01   2.0000000e+00
   2.4024034e+01   2.6119419e+01   2.0000000e+00
   2.4021654e+01   3.1392596e+01   2.0000000e+00
   2.4017583e+01   3.6688480e+01   2.0000000e+00
   2.4009018e+01   4.2004240e+01   2.0000000e+00
   2.3989870e+01   4.7333231e+01   2.0000000e+00
   2.5629629e+01   2.6028298e+00   2.0000000e+00
   2.5611057e+01   7.8099116e+00   2.0000000e+00
   2.5602656e+01   1.3023687e+01   2.0000000e+00
   2.5598301e+01   1.8249035e+01   2.0000000e+00
   2.5595639e+01   2.3490614e+01   2.0000000e+00
   2.5593313e+01   2.8752371e+01   2.0000000e+00
   2.5590029e+01   3.4036437e+01   2.0000000e+00
   2.5584003e+01   3.9342042e+01   2.0000000e+00
   2.5570764e+01   4.4665185e+01   2.0000000e+00
   2.5544018e+01   5.0000000e+01   2.0000000e+00
   2.7222036e+01   0.0000000e+00   2.0000000e+00
   2.7195651e+01   5.2032515e+00   2.0000000e+00
   2.7182813e+01   1.0413381e+01   2.0000000e+00
   2.7176651e+01   1.5633249e+01   2.0000000e+00
   2.7173121e+01   2.0866692e+01   2.0000000e+00
   2.7170565e+01   2.6117986e+01   2.0000000e+00
   2.7167656e+01   3.1390372e+01   2.0000000e+00
   2.7162972e+01   3.6684745e+01   2.0000000e+00
   2.7153602e+01   4.1999095e+01   2.0000000e+00
   2.7132773e+01   4.7329666e+01   2.0000000e+00
   2.8783483e+01   2.5989927e+00   2.0000000e+00
   2.8763066e+01   7.8045914e+00   2.0000000e+00
   2.8753829e+01   1.3020055e+01   2.0000000e+00
   2.8749159e+01   1.8246943e+01   2.0000000e+00
   2.8746284e+01   2.3489046e+01   2.0000000e+00
   2.8743698e+01   2.8750341e+01   2.0000000e+00
   2.8740015e+01   3.4033125e+01   2.0000000e+00
   2.8733214e+01   3.9337032e+01   2.0000000e+00
   2.8717831e+01   4.4659808e+01   2.0000000e+00
   2.8685450e+01   5.0000000e+01   2.0000000e+00
   3.0387433e+01   0.0000000e+00   2.0000000e+00
   3.0355906e+01   5.1977176e+00   2.0000000e+00
   3.0340702e+01   1.0408752e+01   2.0000000e+00
   3.0333978e+01   1.5630560e+01   2.0000000e+00
   3.0330437e+01   2.0865000e+01   2.0000000e+00
   3.0327891e+01   2.6116186e+01   2.0000000e+00
   3.0324857e+01   3.1387569e+01   2.0000000e+00
   3.0319707e+01   3.6680250e+01   2.0000000e+00
   3.0308599e+01   4.1993123e+01   2.0000000e+00
   3.0282351e+01   4.7325598e+01   2.0000000e+00
   3.1951530e+01   2.5947382e+00   2.0000000e+00
   3.1925167e+01   7.7991343e+00   2.0000000e+00
   3.1914255e+01   1.3016706e+01   2.0000000e+00
   3.1909670e+01   1.8245134e+01   2.0000000e+00
   3.1907179e+01   2.3487514e+01   2.0000000e+00
   3.1904871e+01   2.8748136e+01   2.0000000e+00
   3.1901223e+01   3.4029463e+01   2.0000000e+00
   3.1893526e+01   3.9331429e+01   2.0000000e+00
   3.1873887e+01   4.4653714e+01   2.0000000e+00
   3.1829537e+01   5.0000000e+01   2.0000000e+00
   3.3575664e+01   0.0000000e+00   2.0000000e+00
   3.3532010e+01   5.1920481e+00   2.0000000e+00
   3.3512307e+01   1.0404774e+01   2.0000000e+00
   3.3505176e+01   1.5628687e+01   2.0000000e+00
   3.3502283e+01   2.0863810e+01   2.0000000e+00
   3.3500315e+01   2.6114645e+01   2.0000000e+00
   3.3497664e+01   3.1385002e+01   2.0000000e+00
   3.3492379e+01   3.6675864e+01   2.0000000e+00
   3.3478681e+01   4.1986870e+01   2.0000000e+00
   3.3443041e+01   4.7321000e+01   2.0000000e+00
   3.5134418e+01   2.5903139e+00   2.0000000e+00
   3.5097605e+01   7.7947792e+00   2.0000000e+00
   3.5084638e+01   1.3014910e+01   2.0000000e+00
   3.5080937e+01   1.8244404e+01   2.0000000e+00
   3.5079539e+01   2.3486620e+01   2.0000000e+00
   3.5078105e+01   2.8746673e+01   2.0000000e+00
   3.5075190e+01   3.4026856e+01   2.0000000e+00
   3.5066847e+01   3.9326730e+01   2.0000000e+00
   3.5040988e+01   4.4647757e+01   2.0000000e+00
   3.4976768e+01   5.0000000e+01   2.0000000e+00
   3.6791991e+01   0.0000000e+00   2.0000000e+00
   3.6727472e+01   5.1879000e+00   2.0000000e+00
   3.6701816e+01   1.0403468e+01   2.0000000e+00
   3.6695087e+01   1.5628766e+01   2.0000000e+00
   3.6693627e+01   2.0863655e+01   2.0000000e+00
   3.6692641e+01   2.6114117e+01   2.0000000e+00
   3.6690931e+01   3.1384236e+01   2.0000000e+00
   3.6686293e+01   3.6674009e+01   2.0000000e+00
   3.6669666e+01   4.1982770e+01   2.0000000e+00
   3.6620765e+01   4.7316699e+01   2.0000000e+00
   3.8326813e+01   2.5871182e+00   2.0000000e+00
   3.8275741e+01   7.7944938e+00   2.0000000e+00
   3.8261675e+01   1.3016392e+01   2.0000000e+00
   3.8259983e+01   1.8245241e+01   2.0000000e+00
   3.8260086e+01   2.3486785e+01   2.0000000e+00
   3.8259888e+01   2.8747114e+01   2.0000000e+00
   3.8258738e+01   3.4027822e+01   2.0000000e+00
   3.8250959e+01   3.9326785e+01   2.0000000e+00
   3.8218128e+01   4.4645070e+01   2.0000000e+00
   3.8123961e+01   5.0000000e+01   2.0000000e+00
   4.0043904e+01   0.0000000e+00   2.0000000e+00
   3.9947523e+01   5.1892381e+00   2.0000000e+00
   3.9916935e+01   1.0407612e+01   2.0000000e+00
   3.9912201e+01   1.5631270e+01   2.0000000e+00
   3.9912469e+01   2.0864635e+01   2.0000000e+00
   3.9912225e+01   2.6115255e+01   2.0000000e+00
   3.9911714e+01   3.1386959e+01   2.0000000e+00
   3.9909020e+01   3.6678703e+01   2.0000000e+00
   3.9890771e+01   4.1986658e+01   2.0000000e+00
   3.9826557e+01   4.7315621e+01   2.0000000e+00
   4.1510395e+01   2.5880291e+00   2.0000000e+00
   4.1445167e+01   7.8021300e+00   2.0000000e+00
   4.1433246e+01   1.3021582e+01   2.0000000e+00
   4.1434035e+01   1.8247182e+01   2.0000000e+00
   4.1435181e+01   2.3488342e+01   2.0000000e+00
   4.1436044e+01   2.8750067e+01   2.0000000e+00
   4.1437378e+01   3.4034390e+01   2.0000000e+00
   4.1432836e+01   3.9337283e+01   2.0000000e+00
   4.1396579e+01   4.4652550e+01   2.0000000e+00
   4.1260927e+01   5.0000000e+01   2.0000000e+00
   4.3339413e+01   0.0000000e+00   2.0000000e+00
   4.3206654e+01   5.2011428e+00   2.0000000e+00
   4.3176813e+01   1.0417437e+01   2.0000000e+00
   4.3175271e+01   1.5634752e+01   2.0000000e+00
   4.3176129e+01   2.0866778e+01   2.0000000e+00
   4.3175896e+01   2.6118516e+01   2.0000000e+00
   4.3175862e+01   3.1393276e+01   2.0000000e+00
   4.3175781e+01   3.6692376e+01   2.0000000e+00
   4.3160253e+01   4.2007093e+01   2.0000000e+00
   4.3085614e+01   4.7324860e+01   2.0000000e+00
   4.4633754e+01   2.5990131e+00   2.0000000e+00
   4.4568080e+01   7.8171396e+00   2.0000000e+00
   4.4562026e+01   1.3027052e+01   2.0000000e+00
   4.4563256e+01   1.8249643e+01   2.0000000e+00
   4.4564576e+01   2.3491413e+01   2.0000000e+00
   4.4566136e+01   2.8755376e+01   2.0000000e+00
   4.4568833e+01   3.4044914e+01   2.0000000e+00
   4.4569817e+01   3.9360182e+01   2.0000000e+00
   4.4543324e+01   4.4679701e+01   2.0000000e+00
   4.4366056e+01   5.0000000e+01   2.0000000e+00
   4.6684603e+01   0.0000000e+00   2.0000000e+00
   4.6542909e+01   5.2202437e+00   2.0000000e+00
   4.6524648e+01   1.0424446e+01   2.0000000e+00
   4.6524187e+01   1.5637630e+01   2.0000000e+00
   4.6524119e+01   2.0869995e+01   2.0000000e+00
   4.6523322e+01   2.6123616e+01   2.0000000e+00
   4.6522731e+01   3.1402185e+01   2.0000000e+00
   4.6522835e+01   3.6709889e+01   2.0000000e+00
   4.6516056e+01   4.2046085e+01   2.0000000e+00
   4.6451541e+01   4.7363643e+01   2.0000000e+00
   4.7561973e+01   2.6189897e+00   2.0000000e+00
   4.7531739e+01   7.8239878e+00   2.0000000e+00
   4.7528779e+01   1.3028872e+01   2.0000000e+00
   4.7528408e+01   1.8252029e+01   2.0000000e+00
   4.7529614e+01   2.3495125e+01   2.0000000e+00
   4.7531723e+01   2.8761705e+01   2.0000000e+00
   4.7534429e+01   3.4056422e+01   2.0000000e+00
   4.7536625e+01   3.9383373e+01   2.0000000e+00
   4.7536862e+01   4.4732299e+01   2.0000000e+00
   4.7359067e+01   5.0000000e+01   2.0000000e+00
   5.0000000e+01   0.0000000e+00   2.0000000e+00
   5.0000000e+01   5.1897633e+00   2.0000000e+00
   5.0000000e+01   1.0415251e+01   2.0000000e+00
   5.0000000e+01   1.5636672e+01   2.0000000e+00
   5.0000000e+01   2.0870176e+01   2.0000000e+00
   5.0000000e+01   2.6125192e+01   2.0000000e+00
   5.0000000e+01   3.1408858e+01   2.0000000e+00
   5.0000000e+01   3.6725613e+01   2.0000000e+00
   5.0000000e+01   4.2074167e+01   2.0000000e+00
   5.0000000e+01   4.7462486e+01   2.0000000e+00
   5.0000000e+01   2.5458986e+00   2.0000000e+00
   5.0000000e+01   7.7976869e+00   2.0000000e+00
   5.0000000e+01   1.3023177e+01   2.0000000e+00
   5.0000000e+01   1.8250404e+01   2.0000000e+00
   5.0000000e+01   2.3493547e+01   2.0000000e+00
   5.0000000e+01   2.8762790e+01   2.0000000e+00
   5.0000000e+01   3.4064863e+01   2.0000000e+00
   5.0000000e+01   3.9400705e+01   2.0000000e+00
   5.0000000e+01   4.4765638e+01   2.0000000e+00
   5.0000000e+01   5.0000000e+01   2.0000000e+00
   0.0000000e+00   0.0000000e+00   4.0000000e+00
   0.0000000e+00   5.0976315e+00   4.0000000e+00
   0.0000000e+00   1.0346043e+01   4.0000000e+00
   0.0000000e+00   1.5591375e+01   4.0000000e+00
   0.0000000e+00   2.0840789e+01   4.0000000e+00
   0.0000000e+00   2.6101208e+01   4.0000000e+00
   0.0000000e+00   3.1380729e+01   4.0000000e+00
   0.0000000e+00   3.6686460e+01   4.0000000e+00
   0.0000000e+00   4.2025912e+01   4.0000000e+00
   0.0000000e+00   4.7427194e+01   4.0000000e+00
   0.0000000e+00   2.4653714e+00   4.0000000e+00
   0.0000000e+00   7.7316436e+00   4.0000000e+00
   0.0000000e+00   1.2976466e+01   4.0000000e+00
   0.0000000e+00   1.8221688e+01   4.0000000e+00
   0.0000000e+00   2.3474587e+01   4.0000000e+00
   0.0000000e+00   2.8743002e+01   4.0000000e+00
   0.0000000e+00   3.4033197e+01   4.0000000e+00
   0.0000000e+00   3.9348984e+01   4.0000000e+00
   0.0000000e+00   4.4690293e+01   4.0000000e+00
   0.0000000e+00   5.0000000e+01   4.0000000e+00
   2.6007771e+00   0.0000000e+00   4.0000000e+00
   2.4333966e+00   5.1375185e+00   4.0000000e+00
   2.4366115e+00   1.0374799e+01   4.0000000e+00
   2.4384051e+00   1.5615463e+01   4.0000000e+00
   2.4394239e+00   2.0859737e+01   4.0000000e+00
   2.4393309e+00   2.6117395e+01   4.0000000e+00
   2.4380470e+00   3.1393849e+01   4.0000000e+00
   2.4354256e+00   3.6689309e+01   4.0000000e+00
   2.4303395e+00   4.1997033e+01   4.0000000e+00
   2.4066973e+00   4.7321929e+01   4.0000000e+00
   3.4232372e+00   2.5670561e+00   4.0000000e+00
   3.3620210e+00   7.7645905e+00   4.0000000e+00
   3.3612931e+00   1.3000697e+01   4.0000000e+00
   3.3669061e+00   1.8239470e+01   4.0000000e+00
   3.3711729e+00   2.3488184e+01   4.0000000e+00
   3.3748342e+00   2.8754027e+01   4.0000000e+00
   3.3786751e+00   3.4039319e+01   4.0000000e+00
   3.3824281e+00   3.9340283e+01   4.0000000e+00
   3.3728917e+00   4.4650795e+01   4.0000000e+00
   3.2431620e+00   5.0000000e+01   4.0000000e+00
   5.5146705e+00   0.0000000e+00   4.0000000e+00
   5.3349450e+00   5.1888249e+00   4.0000000e+00
   5.3142417e+00   1.0393978e+01   4.0000000e+00
   5.3186151e+00   1.5623557e+01   4.0000000e+00
   5.3226879e+00   2.0863477e+01   4.0000000e+00
   5.3246959e+00   2.6118620e+01   4.0000000e+00
   5.3258880e+00   3.1393201e+01   4.0000000e+00
   5.3271968e+00   3.6686368e+01   4.0000000e+00
   5.3244883e+00   4.1995431e+01   4.0000000e+00
   5.2694909e+00   4.7336655e+01   4.0000000e+00
   6.7151331e+00   2.6065577e+00   4.0000000e+00
   6.6446486e+00   7.7993492e+00   4.0000000e+00
   6.6356936e+00   1.3012672e+01   4.0000000e+00
   6.6418301e+00   1.8243683e+01   4.0000000e+00
   6.6469576e+00   2.3489080e+01   4.0000000e+00
   6.6510987e+00   2.8753020e+01   4.0000000e+00
   6.6558821e+00   3.4037254e+01   4.0000000e+00
   6.6593859e+00   3.9340469e+01   4.0000000e+00
   6.6376216e+00   4.4667786e+01   4.0000000e+00
   6.5097518e+00   5.0000000e+01   4.0000000e+00
   8.5432134e+00   0.0000000e+00   4.0000000e+00
   8.4002592e+00   5.2137925e+00   4.0000000e+00
   8.3693010e+00   1.0413054e+01   4.0000000e+00
   8.3693722e+00   1.5629750e+01   4.0000000e+00
   8.3741122e+00   2.0864855e+01   4.0000000e+00
   8.3771450e+00   2.6118000e+01   4.0000000e+00
   8.3797747e+00   3.1391779e+01   4.0000000e+00
   8.3825164e+00   3.6687218e+01   4.0000000e+00
   8.3747707e+00   4.2007049e+01   4.0000000e+00
   8.3175128e+00   4.7343138e+01   4.0000000e+00
   9.9174559e+00   2.6168500e+00   4.0000000e+00
   9.8556100e+00   7.8183203e+00   4.0000000e+00
   9.8428479e+00   1.3023653e+01   4.0000000e+00
   9.8458187e+00   1.8246795e+01   4.0000000e+00
   9.8502101e+00   2.3489265e+01   4.0000000e+00
   9.8539566e+00   2.8752070e+01   4.0000000e+00
   9.8579784e+00   3.4037289e+01   4.0000000e+00
   9.8577719e+00   3.9347093e+01   4.0000000e+00
   9.8332455e+00   4.4678036e+01   4.0000000e+00
   9.7392802e+00   5.0000000e+01   4.0000000e+00
   1.1614964e+01   0.0000000e+00   4.0000000e+00
   1.1513811e+01   5.2223179e+00   4.0000000e+00
   1.1484488e+01   1.0423615e+01   4.0000000e+00
   1.1480993e+01   1.5635467e+01   4.0000000e+00
   1.1483802e+01   2.0866384e+01   4.0000000e+00
   1.1486612e+01   2.6117993e+01   4.0000000e+00
   1.1489136e+01   3.1391949e+01   4.0000000e+00
   1.1490152e+01   3.6690736e+01   4.0000000e+00
   1.1480029e+01   4.2013245e+01   4.0000000e+00
   1.1432264e+01   4.7344947e+01   4.0000000e+00
   1.3075932e+01   2.6171594e+00   4.0000000e+00
   1.3027972e+01   7.8243691e+00   4.0000000e+00
   1.3015204e+01   1.3029658e+01   4.0000000e+00
   1.3015155e+01   1.8249803e+01   4.0000000e+00
   1.3017711e+01   2.3490072e+01   4.0000000e+00
   1.3020348e+01   2.8752421e+01   4.0000000e+00
   1.3022330e+01   3.4039144e+01   4.0000000e+00
   1.3019470e+01   3.9350802e+01   4.0000000e+00
   1.2997327e+01   4.4680119e+01   4.0000000e+00
   1.2931779e+01   5.0000000e+01   4.0000000e+00
   1.4710556e+01   0.0000000e+00   4.0000000e+00
   1.4641291e+01   5.2219987e+00   4.0000000e+00
   1.4617579e+01   1.0426639e+01   4.0000000e+00
   1.4612510e+01   1.5638609e+01   4.0000000e+00
   1.4613084e+01   2.0868078e+01   4.0000000e+00
   1.4614656e+01   2.6118801e+01   4.0000000e+00
   1.4615894e+01   3.1393214e+01   4.0000000e+00
   1.4614992e+01   3.6692764e+01   4.0000000e+00
   1.4604812e+01   4.2014289e+01   4.0000000e+00
   1.4568762e+01   4.7342986e+01   4.0000000e+00
   1.6216105e+01   2.6140596e+00   4.0000000e+00
   1.6180783e+01   7.8234052e+00   4.0000000e+00
   1.6169649e+01   1.3031079e+01   4.0000000e+00
   1.6167643e+01   1.8251523e+01   4.0000000e+00
   1.6168284e+01   2.3491208e+01   4.0000000e+00
   1.6169297e+01   2.8753453e+01   4.0000000e+00
   1.6169326e+01   3.4040351e+01   4.0000000e+00
   1.6165051e+01   3.9351177e+01   4.0000000e+00
   1.6146865e+01   4.4677998e+01   4.0000000e+00
   1.6101802e+01   5.0000000e+01   4.0000000e+00
   1.7820507e+01   0.0000000e+00   4.0000000e+00
   1.7773055e+01   5.2181519e+00   4.0000000e+00
   1.7754805e+01   1.0425235e+01   4.0000000e+00
   1.7749329e+01   1.5639189e+01   4.0000000e+00
   1.7748187e+01   2.0869116e+01   4.0000000e+00
   1.7748249e+01   2.6119771e+01   4.0000000e+00
   1.7747996e+01   3.1394058e+01   4.0000000e+00
   1.7745665e+01   3.6692800e+01   4.0000000e+00
   1.7736331e+01   4.2012209e+01   4.0000000e+00
   1.7709567e+01   4.7339870e+01   4.0000000e+00
   1.9350656e+01   2.6102308e+00   4.0000000e+00
   1.9324629e+01   7.8195914e+00   4.0000000e+00
   1.9315155e+01   1.3029721e+01   4.0000000e+00
   1.9312021e+01   1.8251743e+01   4.0000000e+00
   1.9311110e+01   2.3491891e+01   4.0000000e+00
   1.9310619e+01   2.8754051e+01   4.0000000e+00
   1.9309133e+01   3.4040253e+01   4.0000000e+00
   1.9304172e+01   3.9349325e+01   4.0000000e+00
   1.9289299e+01   4.4674250e+01   4.0000000e+00
   1.9256741e+01   5.0000000e+01   4.0000000e+00
   2.0941794e+01   0.0000000e+00   4.0000000e+00
   2.0907823e+01   5.2133400e+00   4.0000000e+00
   2.0893394e+01   1.0421901e+01   4.0000000e+00
   2.0887832e+01   1.5638040e+01   4.0000000e+00
   2.0885516e+01   2.0869153e+01   4.0000000e+00
   2.0884312e+01   2.6120067e+01   4.0000000e+00
   2.0882817e+01   3.1393880e+01   4.0000000e+00
   2.0879493e+01   3.6691232e+01   4.0000000e+00
   2.0870870e+01   4.2008631e+01   4.0000000e+00
   2.0849766e+01   4.7336565e+01   4.0000000e+00
   2.2486780e+01   2.6064823e+00   4.0000000e+00
   2.2466316e+01   7.8149065e+00   4.0000000e+00
   2.2457824e+01   1.3027023e+01   4.0000000e+00
   2.2453979e+01   1.8250781e+01   4.0000000e+00
   2.2451980e+01   2.3491677e+01   4.0000000e+00
   2.2450363e+01   2.8753697e+01   4.0000000e+00
   2.2447802e+01   3.4038886e+01   4.0000000e+00
   2.2442356e+01   3.9346158e+01   4.0000000e+00
   2.2429241e+01   4.4669927e+01   4.0000000e+00
   2.2402485e+01   5.0000000e+01   4.0000000e+00
   2.4074788e+01   0.0000000e+00   4.0000000e+00
   2.4047565e+01   5.2083849e+00   4.0000000e+00
   2.4034960e+01   1.0417834e+01   4.0000000e+00
   2.4029209e+01   1.5635905e+01   4.0000000e+00
   2.4026119e+01   2.0868242e+01   4.0000000e+00
   2.4024034e+01   2.6119419e+01   4.0000000e+00
   2.4021654e+01   3.1392596e+01   4.0000000e+00
   2.4017583e+01   3.6688480e+01   4.0000000e+00
   2.4009018e+01   4.2004240e+01   4.0000000e+00
   2.3989870e+01   4.7333231e+01   4.0000000e+00
   2.5629629e+01   2.6028298e+00   4.0000000e+00
   2.5611057e+01   7.8099116e+00   4.0000000e+00
   2.5602656e+01   1.3023687e+01   4.0000000e+00
   2.5598301e+01   1.8249035e+01   4.0000000e+00
   2.5595639e+01   2.3490614e+01   4.0000000e+00
   2.5593313e+01   2.8752371e+01   4.0000000e+00
   2.5590029e+01   3.4036437e+01   4.0000000e+00
   2.5584003e+01   3.9342042e+01   4.0000000e+00
   2.5570764e+01   4.4665185e+01   4.0000000e+00
   2.5544018e+01   5.0000000e+01   4.0000000e+00
   2.7222036e+01   0.0000000e+00   4.0000000e+00
   2.7195651e+01   5.2032515e+00   4.0000000e+00
   2.7182813e+01   1.0413381e+01   4.0000000e+00
   2.7176651e+01   1.5633249e+01   4.0000000e+00
   2.7173121e+01   2.0866692e+01   4.0000000e+00
   2.7170565e+01   2.6117986e+01   4.0000000e+00
   2.7167656e+01   3.1390372e+01   4.0000000e+00
   2.7162972e+01   3.6684745e+01   4.0000000e+00
   2.7153602e+01   4.1999095e+01   4.0000000e+00
   2.7132773e+01   4.7329666e+01   4.0000000e+00
   2.8783483e+01   2.5989927e+00   4.0000000e+00
   2.8763066e+01   7.8045914e+00   4.0000000e+00
   2.8753829e+01   1.3020055e+01   4.0000000e+00
   2.8749159e+01   1.8246943e+01   4.0000000e+00
   2.8746284e+01   2.3489046e+01   4.0000000e+00
   2.8743698e+01   2.8750341e+01   4.0000000e+00
   2.8740015e+01   3.4033125e+01   4.0000000e+00
   2.8733214e+01   3.9337032e+01   4.0000000e+00
   2.8717831e+01   4.4659808e+01   4.0000000e+00
   2.8685450e+01   5.0000000e+01   4.0000000e+00
   3.0387433e+01   0.0000000e+00   4.0000000e+00
   3.0355906e+01   5.1977176e+00   4.0000000e+00
   3.0340702e+01   1.0408752e+01   4.0000000e+00
   3.0333978e+01   1.5630560e+01   4.0000000e+00
   3.0330437e+01   2.0865000e+01   4.0000000e+00
   3.0327891e+01   2.6116186e+01   4.0000000e+00
   3.0324857e+01   3.1387569e+01   4.0000000e+00
   3.0319707e+01   3.6680250e+01   4.0000000e+00
   3.0308599e+01   4.1993123e+01   4.0000000e+00
   3.0282351e+01   4.7325598e+01   4.0000000e+00
   3.1951530e+01   2.5947382e+00   4.0000000e+00
   3.1925167e+01   7.7991343e+00   4.0000000e+00
   3.1914255e+01   1.3016706e+01   4.0000000e+00
   3.1909670e+01   1.8245134e+01   4.0000000e+00
   3.1907179e+01   2.3487514e+01   4.0000000e+00
   3.1904871e+01   2.8748136e+01   4.0000000e+00
   3.1901223e+01   3.4029463e+01   4.0000000e+00
   3.1893526e+01   3.9331429e+01   4.0000000e+00
   3.1873887e+01   4.4653714e+01   4.0000000e+00
   3.1829537e+01   5.0000000e+01   4.0000000e+00
   3.3575664e+01   0.0000000e+00   4.0000000e+00
   3.3532010e+01   5.1920481e+00   4.0000000e+00
   3.3512307e+01   1.0404774e+01   4.0000000e+00
   3.3505176e+01   1.5628687e+01   4.0000000e+00
   3.3502283e+01   2.0863810e+01   4.0000000e+00
   3.3500315e+01   2.6114645e+01   4.0000000e+00
   3.3497664e+01   3.1385002e+01   4.0000000e+00
   3.3492379e+01   3.6675864e+01   4.0000000e+00
   3.3478681e+01   4.1986870e+01   4.0000000e+00
   3.3443041e+01   4.7321000e+01   4.0000000e+00
   3.5134418e+01   2.5903139e+00   4.0000000e+00
   3.5097605e+01   7.7947792e+00   4.0000000e+00
   3.5084638e+01   1.3014910e+01   4.0000000e+00
   3.5080937e+01   1.8244404e+01   4.0000000e+00
   3.5079539e+01   2.3486620e+01   4.0000000e+00
   3.5078105e+01   2.8746673e+01   4.0000000e+00
   3.5075190e+01   3.4026856e+01   4.0000000e+00
   3.5066847e+01   3.9326730e+01   4.0000000e+00
   3.5040988e+01   4.4647757e+01   4.0000000e+00
   3.4976768e+01   5.0000000e+01   4.0000000e+00
   3.6791991e+01   0.0000000e+00   4.0000000e+00
   3.6727472e+01   5.1879000e+00   4.0000000e+00
   3.6701816e+01   1.0403468e+01   4.0000000e+00
   3.6695087e+01   1.5628766e+01   4.0000000e+00
   3.6693627e+01   2.0863655e+01   4.0000000e+00
   3.6692641e+01   2.6114117e+01   4.0000000e+00
   3.6690931e+01   3.1384236e+01   4.0000000e+00
   3.6686293e+01   3.6674009e+01   4.0000000e+00
   3.6669666e+01   4.1982770e+01   4.0000000e+00
   3.6620765e+01   4.7316699e+01   4.0000000e+00
   3.8326813e+01   2.5871182e+00   4.0000000e+00
   3.8275741e+01   7.7944938e+00   4.0000000e+00
   3.8261675e+01   1.3016392e+01   4.0000000e+00
   3.8259983e+01   1.8245241e+01   4.0000000e+00
   3.8260086e+01   2.3486785e+01   4.0000000e+00
   3.8259888e+01   2.8747114e+01   4.0000000e+00
   3.8258738e+01   3.4027822e+01   4.0000000e+00
   3.8250959e+01   3.9326785e+01   4.0000000e+00
   3.8218128e+01   4.4645070e+01   4.0000000e+00
   3.8123961e+01   5.0000000e+01   4.0000000e+00
   4.0043904e+01   0.0000000e+00   4.0000000e+00
   3.9947523e+01   5.1892381e+00   4.0000000e+00
   3.9916935e+01   1.0407612e+01   4.0000000e+00
   3.9912201e+01   1.5631270e+01   4.0000000e+00
   3.9912469e+01   2.0864635e+01   4.0000000e+00
   3.9912225e+01   2.6115255e+01   4.0000000e+00
   3.9911714e+01   3.1386959e+01   4.0000000e+00
   3.9909020e+01   3.6678703e+01   4.0000000e+00
   3.9890771e+01   4.1986658e+01   4.0000000e+00
   3.9826557e+01   4.7315621e+01   4.0000000e+00
   4.1510395e+01   2.5880291e+00   4.0000000e+00
   4.1445167e+01   7.8021300e+00   4.0000000e+00
   4.1433246e+01   1.3021582e+01   4.0000000e+00
   4.1434035e+01   1.8247182e+01   4.0000000e+00
   4.1435181e+01   2.3488342e+01   4.0000000e+00
   4.1436044e+01   2.8750067e+01   4.0000000e+00
   4.1437378e+01   3.4034390e+01   4.0000000e+00
   4.1432836e+01   3.9337283e+01   4.0000000e+00
   4.1396579e+01   4.4652550e+01   4.0000000e+00
   4.1260927e+01   5.0000000e+01   4.0000000e+00
   4.3339413e+01   0.0000000e+00   4.0000000e+00
   4.3206654e+01   5.2011428e+00   4.0000000e+00
   4.3176813e+01   1.0417437e+01   4.0000000e+00
   4.3175271e+01   1.5634752e+01   4.0000000e+00
   4.3176129e+01   2.0866778e+01   4.0000000e+00
   4.3175896e+01   2.6118516e+01   4.0000000e+00
   4.3175862e+01   3.1393276e+01   4.0000000e+00
   4.3175781e+01   3.6692376e+01   4.0000000e+00
   4.3160253e+01   4.2007093e+01   4.0000000e+00
   4.3085614e+01   4.7324860e+01   4.0000000e+00
   4.4633754e+01   2.5990131e+00   4.0000000e+00
   4.4568080e+01   7.8171396e+00   4.0000000e+00
   4.4562026e+01   1.3027052e+01   4.0000000e+00
   4.4563256e+01   1.8249643e+01   4.0000000e+00
   4.4564576e+01   2.3491413e+01   4.0000000e+00
   4.4566136e+01   2.8755376e+01   4.0000000e+00
   4.4568833e+01   3.4044914e+01   4.0000000e+00
   4.4569817e+01   3.9360182e+01   4.0000000e+00
   4.4543324e+01   4.4679701e+01   4.0000000e+00
   4.4366056e+01   5.0000000e+01   4.0000000e+00
   4.6684603e+01   0.0000000e+00   4.0000000e+00
   4.6542909e+01   5.2202437e+00   4.0000000e+00
   4.6524648e+01   1.0424446e+01   4.0000000e+00
   4.6524187e+01   1.5637630e+01   4.0000000e+00
   4.6524119e+01   2.0869995e+01   4.0000000e+00
   4.6523322e+01   2.6123616e+01   4.0000000e+00
   4.6522731e+01   3.1402185e+01   4.0000000e+00
   4.6522835e+01   3.6709889e+01   4.0000000e+00
   4.6516056e+01   4.2046085e+01   4.0000000e+00
   4.6451541e+01   4.7363643e+01   4.0000000e+00
   4.7561973e+01   2.6189897e+00   4.0000000e+00
   4.7531739e+01   7.8239878e+00   4.0000000e+00
   4.7528779e+01   1.3028872e+01   4.0000000e+00
   4.7528408e+01   1.8252029e+01   4.0000000e+00
   4.7529614e+01   2.3495125e+01   4.0000000e+00
   4.7531723e+01   2.8761705e+01   4.0000000e+00
   4.7534429e+01   3.4056422e+01   4.0000000e+00
   4.7536625e+01   3.9383373e+01   4.0000000e+00
   4.7536862e+01   4.4732299e+01   4.0000000e+00
   4.7359067e+01   5.0000000e+01   4.0000000e+00
   5.0000000e+01   0.0000000e+00   4.0000000e+00
   5.0000000e+01   5.1897633e+00   4.0000000e+00
   5.0000000e+01   1.0415251e+01   4.0000000e+00
   5.0000000e+01   1.5636672e+01   4.0000000e+00
   5.0000000e+01   2.0870176e+01   4.0000000e+00
   5.0000000e+01   2.6125192e+01   4.0000000e+00
   5.0000000e+01   3.1408858e+01   4.0000000e+00
   5.0000000e+01   3.6725613e+01   4.0000000e+00
   5.0000000e+01   4.2074167e+01   4.0000000e+00
   5.0000000e+01   4.7462486e+01   4.0000000e+00
   5.0000000e+01   2.5458986e+00   4.0000000e+00
   5.0000000e+01   7.7976869e+00   4.0000000e+00
   5.0000000e+01   1.3023177e+01   4.0000000e+00
   5.0000000e+01   1.8250404e+01   4.0000000e+00
   5.0000000e+01   2.3493547e+01   4.0000000e+00
   5.0000000e+01   2.8762790e+01   4.0000000e+00
   5.0000000e+01   3.4064863e+01   4.0000000e+00
   5.0000000e+01   3.9400705e+01   4.0000000e+00
   5.0000000e+01   4.4765638e+01   4.0000000e+00
   5.0000000e+01   5.0000000e+01   4.0000000e+00
   0.0000000e+00   0.0000000e+00   0.0000000e+00
   4.6321039e+00   0.0000000e+00   0.0000000e+00
   9.3719142e+00   0.0000000e+00   0.0000000e+00
   1.3978893e+01   0.0000000e+00   0.0000000e+00
   1.8411021e+01   0.0000000e+00   0.0000000e+00
   2.2503271e+01   0.0000000e+00   0.0000000e+00
   2.6666320e+01   0.0000000e+00   0.0000000e+00
   3.0966767e+01   0.0000000e+00   0.0000000e+00
   3.5307176e+01   0.0000000e+00   0.0000000e+00
   3.9735266e+01   0.0000000e+00   0.0000000e+00
   4.3570801e+01   0.0000000e+00   0.0000000e+00
   4.6774412e+01   0.0000000e+00   0.0000000e+00
   5.0000000e+01   0.0000000e+00   0.0000000e+00
   0.0000000e+00   2.9357533e+00   0.0000000e+00
   3.3694632e+00   4.0582514e+00   0.0000000e+00
   7.5857587e+00   3.2937343e+00   0.0000000e+00
   1.1833951e+01   4.0381972e+00   0.0000000e+00
   1.6195570e+01   3.7250936e+00   0.0000000e+00
   2.0392349e+01   4.1390712e+00   0.0000000e+00
   2.4561390e+01   4.0249515e+00   0.0000000e+00
   2.9016050e+01   3.7273527e+00   0.0000000e+00
   3.3341964e+01   4.1283857e+00   0.0000000e+00
   3.7706941e+01   3.8560794e+00   0.0000000e+00
   4.2017364e+01   3.7938773e+00   0.0000000e+00
   4.6330612e+01   4.5052335e+00   0.0000000e+00
   5.0000000e+01   4.3823896e+00   0.0000000e+00
   0.0000000e+00   7.0840710e+00   0.0000000e+00
   3.5861270e+00   8.8787125e+00   0.0000000e+00
   6.9170717e+00   6.8308360e+00   0.0000000e+00
   1.0816730e+01   8.4211588e+00   0.0000000e+00
   1.4644770e+01   7.8184474e+00   0.0000000e+00
   1.8741764e+01   8.0913593e+00   0.0000000e+00
   2.3002712e+01   8.0977623e+00   0.0000000e+00
   2.7140747e+01   7.8052228e+00   0.0000000e+00
   3.1230781e+01   7.8153876e+00   0.0000000e+00
   3.5779833e+01   7.8857336e+00   0.0000000e+00
   3.9901064e+01   7.7863256e+00   0.0000000e+00
   4.3927500e+01   7.8038442e+00   0.0000000e+00
   5.0000000e+01   8.3907457e+00   0.0000000e+00
   0.0000000e+00   1.0991634e+01   0.0000000e+00
   3.7988535e+00   1.3069988e+01   0.0000000e+00
   7.5734834e+00   1.1005660e+01   0.0000000e+00
   1.1838088e+01   1.2659407e+01   0.0000000e+00
   1.6244844e+01   1.1983431e+01   0.0000000e+00
   2.0741620e+01   1.1866640e+01   0.0000000e+00
   2.5098954e+01   1.1965473e+01   0.0000000e+00
   2.9276477e+01   1.1820271e+01   0.0000000e+00
   3.3644009e+01   1.1575819e+01   0.0000000e+00
   3.7823650e+01   1.2009362e+01   0.0000000e+00
   4.1862911e+01   1.1864530e+01   0.0000000e+00
   4.6250878e+01   1.1226134e+01   0.0000000e+00
   5.0000000e+01   1.2346994e+01   0.0000000e+00
   0.0000000e+00   1.4972982e+01   0.0000000e+00
   3.9003691e+00   1.7240874e+01   0.0000000e+00
   7.6715085e+00   1.4941672e+01   0.0000000e+00
   1.1216865e+01   1.6960637e+01   0.0000000e+00
   1.5049058e+01   1.6309201e+01   0.0000000e+00
   1.9123289e+01   1.5785013e+01   0.0000000e+00
   2.3310758e+01   1.5825474e+01   0.0000000e+00
   2.7697869e+01   1.5829820e+01   0.0000000e+00
   3.1836150e+01   1.5608527e+01   0.0000000e+00
   3.6059309e+01   1.5882067e+01   0.0000000e+00
   4.0530099e+01   1.5942887e+01   0.0000000e+00
   4.4744695e+01   1.5498906e+01   0.0000000e+00
   5.0000000e+01   1.6196784e+01   0.0000000e+00
   0.0000000e+00   1.9050867e+01   0.0000000e+00
   3.8505082e+00   2.1641829e+01   0.0000000e+00
   7.7683040e+00   1.9515987e+01   0.0000000e+00
   1.2351051e+01   2.1047587e+01   0.0000000e+00
   1.7130436e+01   1.9954361e+01   0.0000000e+00
   2.1306363e+01   1.9779470e+01   0.0000000e+00
   2.5681142e+01   1.9499024e+01   0.0000000e+00
   2.9941391e+01   1.9881185e+01   0.0000000e+00
   3.3899735e+01   1.9805712e+01   0.0000000e+00
   3.8390176e+01   1.9631859e+01   0.0000000e+00
   4.2831348e+01   1.9895242e+01   0.0000000e+00
   4.6631840e+01   1.9635940e+01   0.0000000e+00
   5.0000000e+01   2.0384163e+01   0.0000000e+00
   0.0000000e+00   2.3577598e+01   0.0000000e+00
   4.1348541e+00   2.5724534e+01   0.0000000e+00
   8.3434887e+00   2.3646812e+01   0.0000000e+00
   1.2137190e+01   2.5660268e+01   0.0000000e+00
   1.5642059e+01   2.3633639e+01   0.0000000e+00
   1.9864138e+01   2.4637229e+01   0.0000000e+00
   2.3825565e+01   2.3435450e+01   0.0000000e+00
   2.7804610e+01   2.3646908e+01   0.0000000e+00
   3.2371131e+01   2.4422745e+01   0.0000000e+00
   3.6399438e+01   2.3493220e+01   0.0000000e+00
   4.0621095e+01   2.3690110e+01   0.0000000e+00
   4.5355283e+01   2.4601153e+01   0.0000000e+00
   5.0000000e+01   2.4047941e+01   0.0000000e+00
   0.0000000e+00   2.7994367e+01   0.0000000e+00
   3.9950325e+00   2.9980150e+01   0.0000000e+00
   8.1642978e+00   2.8019852e+01   0.0000000e+00
   1.2326849e+01   3.0028762e+01   0.0000000e+00
   1.6342114e+01   2.7617969e+01   0.0000000e+00
   2.0665677e+01   2.9218957e+01   0.0000000e+00
   2.4903828e+01   2.7621866e+01   0.0000000e+00
   2.9365013e+01   2.7487575e+01   0.0000000e+00
   3.3505595e+01   2.9006073e+01   0.0000000e+00
   3.7697074e+01   2.7666919e+01   0.0000000e+00
   4.1975267e+01   2.7598085e+01   0.0000000e+00
   4.5968489e+01   2.9551791e+01   0.0000000e+00
   5.0000000e+01   2.7986912e+01   0.0000000e+00
   0.0000000e+00   3.2040423e+01   0.0000000e+00
   4.0995943e+00   3.4211177e+01   0.0000000e+00
   8.1326369e+00   3.2294627e+01   0.0000000e+00
   1.2182831e+01   3.4102684e+01   0.0000000e+00
   1.6597766e+01   3.1758101e+01   0.0000000e+00
   2.0761680e+01   3.3773439e+01   0.0000000e+00
   2.4882817e+01   3.2127824e+01   0.0000000e+00
   2.9200547e+01   3.1619552e+01   0.0000000e+00
   3.3363648e+01   3.3569469e+01   0.0000000e+00
   3.7545841e+01   3.2301021e+01   0.0000000e+00
   4.1944271e+01   3.2007275e+01   0.0000000e+00
   4.6038529e+01   3.3908063e+01   0.0000000e+00
   5.0000000e+01   3.2067957e+01   0.0000000e+00
   0.0000000e+00   3.5919116e+01   0.0000000e+00
   4.0140256e+00   3.8415342e+01   0.0000000e+00
   8.0924309e+00   3.6407818e+01   0.0000000e+00
   1.2255413e+01   3.8131145e+01   0.0000000e+00
   1.6502604e+01   3.5862489e+01   0.0000000e+00
   2.0559325e+01   3.8019978e+01   0.0000000e+00
   2.5014099e+01   3.6532101e+01   0.0000000e+00
   2.9424838e+01   3.5833966e+01   0.0000000e+00
   3.3257471e+01   3.7910194e+01   0.0000000e+00
   3.7642384e+01   3.6919342e+01   0.0000000e+00
   4.2039400e+01   3.6494732e+01   0.0000000e+00
   4.6249594e+01   3.8053396e+01   0.0000000e+00
   5.0000000e+01   3.6525921e+01   0.0000000e+00
   0.0000000e+00   4.0148561e+01   0.0000000e+00
   4.0122000e+00   4.2656263e+01   0.0000000e+00
   8.1632263e+00   4.0722229e+01   0.0000000e+00
   1.2276821e+01   4.2381052e+01   0.0000000e+00
   1.6396976e+01   3.9996463e+01   0.0000000e+00
   2.0163250e+01   4.2531214e+01   0.0000000e+00
   2.4064400e+01   4.0983009e+01   0.0000000e+00
   2.8064014e+01   4.0074467e+01   0.0000000e+00
   3.1788659e+01   4.1930690e+01   0.0000000e+00
   3.6107182e+01   4.1307784e+01   0.0000000e+00
   4.0388668e+01   4.0806226e+01   0.0000000e+00
   4.4516197e+01   4.1946667e+01   0.0000000e+00
   5.0000000e+01   4.1263610e+01   0.0000000e+00
   0.0000000e+00   4.5205457e+01   0.0000000e+00
   4.4921385e+00   4.6613221e+01   0.0000000e+00
   8.8671254e+00   4.5453188e+01   0.0000000e+00
   1.3412578e+01   4.6544092e+01   0.0000000e+00
   1.6167273e+01   4.3787423e+01   0.0000000e+00
   1.8804284e+01   4.6630602e+01   0.0000000e+00
   2.3167258e+01   4.5942351e+01   0.0000000e+00
   2.7166375e+01   4.4609677e+01   0.0000000e+00
   3.1250076e+01   4.6070637e+01   0.0000000e+00
   3.5809507e+01   4.5881176e+01   0.0000000e+00
   4.0484403e+01   4.5570918e+01   0.0000000e+00
   4.5217862e+01   4.5990205e+01   0.0000000e+00
   5.0000000e+01   4.5767980e+01   0.0000000e+00
   0.0000000e+00   5.0000000e+01   0.0000000e+00
   3.3475730e+00   5.0000000e+01   0.0000000e+00
   7.6598311e+00   5.0000000e+01   0.0000000e+00
   1.1901474e+01   5.0000000e+01   0.0000000e+00
   1.6322636e+01   5.0000000e+01   0.0000000e+00
   2.0857025e+01   5.0000000e+01   0.0000000e+00
   2.5153267e+01   5.0000000e+01   0.0000000e+00
   2.9073879e+01   5.0000000e+01   0.0000000e+00
   3.3388699e+01   5.0000000e+01   0.0000000e+00
   3.7668995e+01   5.0000000e+01   0.0000000e+00
   4.1752665e+01   5.0000000e+01   0.0000000e+00
   4.6124212e+01   5.0000000e+01   0.0000000e+00
   5.0000000e+01   5.0000000e+01   0.0000000e+00
   0.0000000e+00   0.0000000e+00   1.3387329e+01
   4.5431687e+00   0.0000000e+00   9.8397649e+00
   9.8949856e+00   0.0000000e+00   9.3451599e+00
   1.4577178e+01   0.0000000e+00   7.6802278e+00
   1.7632021e+01   0.0000000e+00   1.1561979e+01
   2.1253612e+01   0.0000000e+00   7.5138534e+00
   2.3236326e+01   0.0000000e+00   1.2305706e+01
   2.7217474e+01   0.0000000e+00   7.7181575e+00
   3.2963758e+01   0.0000000e+00   9.2998600e+00
   3.8022108e+01   0.0000000e+00   1.1699647e+01
   4.1201641e+01   0.0000000e+00   7.8485311e+00
   4.5809098e+01   0.0000000e+00   9.2848451e+00
   5.0000000e+01   0.0000000e+00   7.4653901e+00
   0.0000000e+00   0.0000000e+00   7.7367225e+00
   4.9601354e+00   4.8685343e+00   7.6297193e+00
   8.8374894e+00   4.9826014e+00   1.1158001e+01
   1.1675080e+01   4.9024961e+00   7.4172538e+00
   1.8091013e+01   3.9077688e+00   7.8235051e+00
   1.9708922e+01   4.7079100e+00   1.2726133e+01
   2.3915829e+01   4.0231475e+00   9.2698778e+00
   2.9356795e+01   3.7554453e+00   1.0692304e+01
   3.2377088e+01   5.6172741e+00   7.6468251e+00
   3.7309284e+01   3.6380989e+00   7.8383105e+00
   3.9966517e+01   4.4351158e+00   1.3065564e+01
   4.4702649e+01   4.4354380e+00   9.8504446e+00
   5.0000000e+01   5.7532869e+00   9.1129843e+00
   0.0000000e+00   8.3342474e+00   7.5160810e+00
   4.1610648e+00   9.5844916e+00   1.0185526e+01
   8.4120406e+00   9.5717905e+00   7.5913156e+00
   1.2375194e+01   9.6910447e+00   1.0307391e+01
   1.6156308e+01   8.2486928e+00   7.5244901e+00
   1.7649331e+01   9.8392652e+00   1.1988404e+01
   2.1563968e+01   7.9744222e+00   7.8609108e+00
   2.7156498e+01   7.7431435e+00   9.5154636e+00
   3.1709919e+01   8.6947509e+00   1.2682203e+01
   3.6680872e+01   8.8730026e+00   1.5550080e+01
   4.1065721e+01   7.3326977e+00   7.7774363e+00
   4.5985135e+01   9.3505158e+00   9.3712019e+00
   5.0000000e+01   9.2988414e+00   1.4109323e+01
   0.0000000e+00   8.8100029e+00   1.3037879e+01
   5.3128216e+00   1.4110677e+01   7.6522953e+00
   8.2887784e+00   9.7188727e+00   1.3491379e+01
   1.4947345e+01   1.3494647e+01   7.8603221e+00
   2.0131831e+01   1.4550886e+01   1.2996333e+01
   1.9992176e+01   1.3029093e+01   7.8350536e+00
   2.5235159e+01   1.2107806e+01   7.6206914e+00
   2.7826792e+01   1.2641827e+01   1.1758208e+01
   3.1017387e+01   1.0850727e+01   7.5548661e+00
   3.6310303e+01   9.2122586e+00   9.4298791e+00
   4.1202463e+01   1.2543403e+01   9.2446706e+00
   4.5478826e+01   1.2558478e+01   1.3288881e+01
   5.0000000e+01   1.2227047e+01   9.4256889e+00
   0.0000000e+00   1.3452218e+01   9.5664659e+00
   4.9765115e+00   1.4692401e+01   1.2827337e+01
   9.8962197e+00   1.4330690e+01   1.0257585e+01
   1.4341020e+01   1.4823321e+01   1.2928893e+01
   1.8132794e+01   1.8004727e+01   9.5183125e+00
   2.1433592e+01   1.6381973e+01   1.8761337e+01
   2.3906085e+01   1.6732744e+01   9.4428102e+00
   2.8856271e+01   1.6338965e+01   7.6279658e+00
   3.2923863e+01   1.4137685e+01   1.0505785e+01
   3.6704997e+01   1.5458041e+01   7.5968708e+00
   4.1168634e+01   1.5712013e+01   1.4054782e+01
   4.5567663e+01   1.5065790e+01   7.8809902e+00
   5.0000000e+01   1.7859031e+01   9.4352595e+00
   0.0000000e+00   2.2195458e+01   9.3602245e+00
   2.3159687e+00   1.8189633e+01   7.7113962e+00
   7.9336392e+00   1.8951921e+01   9.4280201e+00
   1.2897595e+01   1.8243889e+01   7.5294084e+00
   1.7634482e+01   1.8750170e+01   1.5365371e+01
   2.1620913e+01   2.1749432e+01   7.9210636e+00
   2.2944797e+01   1.9540460e+01   1.3120152e+01
   2.7138324e+01   2.1603493e+01   9.4009040e+00
   3.2511104e+01   1.9410523e+01   9.3011210e+00
   3.6917550e+01   2.1304077e+01   7.6443695e+00
   4.1023622e+01   1.8231831e+01   9.3154244e+00
   4.5612574e+01   2.0873811e+01   7.7318013e+00
   5.0000000e+01   2.3368594e+01   9.4359626e+00
   0.0000000e+00   2.6831847e+01   9.6895842e+00
   4.4765397e+00   2.5823999e+01   1.2546720e+01
   5.2097764e+00   2.3411575e+01   7.8722419e+00
   1.0755528e+01   2.3637296e+01   7.8937635e+00
   1.6039606e+01   2.3038734e+01   7.6728703e+00
   1.8549188e+01   2.2862515e+01   1.2442633e+01
   2.3206391e+01   2.5348039e+01   1.2491881e+01
   2.6889026e+01   2.2874324e+01   1.5101536e+01
   3.2161255e+01   2.4617290e+01   7.9844368e+00
   3.6626470e+01   2.3454090e+01   1.2430795e+01
   4.1323369e+01   2.3872002e+01   9.2407720e+00
   4.5640240e+01   2.6745012e+01   7.8537321e+00
   5.0000000e+01   2.6295108e+01   1.4258481e+01
   0.0000000e+00   3.1653197e+01   9.3816693e+00
   4.2052663e+00   2.8754565e+01   7.6183127e+00
   9.1737557e+00   2.8267844e+01   9.9752986e+00
   1.4050943e+01   2.8607343e+01   7.7689675e+00
   1.4045300e+01   3.0861844e+01   1.3193502e+01
   1.8830296e+01   2.7113232e+01   9.3537611e+00
   2.4302854e+01   2.6179009e+01   7.4670603e+00
   2.8319821e+01   2.6700213e+01   1.0708667e+01
   3.2350550e+01   3.0210136e+01   9.5744483e+00
   3.6841690e+01   2.7173114e+01   9.2316240e+00
   4.1281896e+01   2.9617043e+01   9.2042622e+00
   4.5550031e+01   2.9211599e+01   1.3143944e+01
   5.0000000e+01   2.8867490e+01   9.3618257e+00
   0.0000000e+00   3.4980695e+01   1.3112062e+01
   4.4151604e+00   3.5588769e+01   9.6423893e+00
   7.6297484e+00   3.2613944e+01   7.7784367e+00
   1.2317706e+01   3.3405608e+01   9.3966219e+00
   1.7885878e+01   3.2767085e+01   9.5556424e+00
   2.2071397e+01   3.4409030e+01   1.3166333e+01
   2.2602879e+01   3.0505391e+01   9.5508056e+00
   2.7411651e+01   3.1151126e+01   7.6960274e+00
   3.1952403e+01   3.4517432e+01   7.5235302e+00
   3.7184711e+01   3.2903254e+01   9.3254323e+00
   4.1379325e+01   3.2774569e+01   1.3605414e+01
   4.5437216e+01   3.2647465e+01   9.4162468e+00
   5.0000000e+01   3.4067544e+01   7.8052480e+00
   0.0000000e+00   3.6565921e+01   7.6233538e+00
   4.3282493e+00   4.0502150e+01   7.7325839e+00
   8.4293194e+00   3.8534296e+01   1.1725457e+01
   9.5956128e+00   3.7795006e+01   7.6168421e+00
   1.5077629e+01   3.7132664e+01   7.7506642e+00
   2.0098118e+01   3.8093542e+01   9.3560267e+00
   2.3667208e+01   3.5430561e+01   7.8002734e+00
   2.8048013e+01   3.8574640e+01   7.7755217e+00
   3.2522737e+01   3.7340558e+01   1.1311968e+01
   3.6858146e+01   3.7560025e+01   7.6405625e+00
   4.1437627e+01   3.6814270e+01   9.7614989e+00
   4.5993146e+01   3.7830415e+01   7.8038560e+00
   5.0000000e+01   3.7058870e+01   1.1931026e+01
   0.0000000e+00   4.4519174e+01   7.6014004e+00
   4.6565938e+00   4.1809804e+01   1.2666787e+01
   8.8679972e+00   4.3093207e+01   7.8310060e+00
   1.3366324e+01   4.1228433e+01   1.0750699e+01
   1.7528606e+01   4.2033158e+01   7.5868004e+00
   1.9401511e+01   4.2223048e+01   1.3329228e+01
   2.3320664e+01   4.2313456e+01   7.6574081e+00
   2.8398819e+01   4.2778274e+01   9.7706590e+00
   3.3151917e+01   4.1481167e+01   7.6629138e+00
   3.7512503e+01   4.1280248e+01   1.1031019e+01
   4.1987726e+01   4.1905973e+01   7.7751421e+00
   4.5614483e+01   4.1413058e+01   1.1862637e+01
   5.0000000e+01   4.1058599e+01   9.3544201e+00
   0.0000000e+00   4.5255369e+01   1.2830512e+01
   4.4969906e+00   4.6163530e+01   9.3150974e+00
   9.2738156e+00   4.5800989e+01   1.1905087e+01
   1.3385537e+01   4.5949488e+01   7.8746391e+00
   1.4525367e+01   4.5698243e+01   1.3659992e+01
   1.8996525e+01   4.5934157e+01   9.6525837e+00
   2.3879793e+01   4.5439163e+01   1.1718391e+01
   2.7012898e+01   4.7147568e+01   7.4679198e+00
   3.2459603e+01   4.6161177e+01   9.8036161e+00
   3.7557497e+01   4.5391045e+01   7.7248231e+00
   4.1215897e+01   4.5731401e+01   1.1765440e+01
   4.5582725e+01   4.5994560e+01   9.3331219e+00
   5.0000000e+01   4.5475228e+01   7.5242352e+00
   0.0000000e+00   5.0000000e+01   9.3678398e+00
   4.8064429e+00   5.0000000e+01   1.2087496e+01
   8.6052442e+00   5.0000000e+01   7.9334630e+00
   1.2945414e+01   5.0000000e+01   1.1269607e+01
   1.6929588e+01   5.0000000e+01   7.6622321e+00
   2.2496649e+01   5.0000000e+01   9.0916802e+00
   2.7935875e+01   5.0000000e+01   1.1237471e+01
   3.2078905e+01   5.0000000e+01   7.6093008e+00
   3.3005348e+01   5.0000000e+01   1.3691070e+01
   3.7208638e+01   5.0000000e+01   9.8492511e+00
   4.2262529e+01   5.0000000e+01   7.9296935e+00
   4.5378030e+01   5.0000000e+01   1.2629219e+01
   5.0000000e+01   5.0000000e+01   9.6529932e+00
   4.2861446e+00   0.0000000e+00   1.6619254e+01
   8.1025614e+00   0.0000000e+00   1.3963933e+01
   1.3194706e+01   0.0000000e+00   1.4411974e+01
   1.9142291e+01   0.0000000e+00   1.6426725e+01
   2.8599723e+01   0.0000000e+00   1.3355546e+01
   3.3798517e+01   0.0000000e+00   1.5178975e+01
   4.3733698e+01   0.0000000e+00   1.3690428e+01
   4.4869441e+01   0.0000000e+00   1.9373427e+01
   5.0000000e+01   0.0000000e+00   1.2439763e+01
   4.5113032e+00   4.7893996e+00   1.3389633e+01
   1.4269330e+01   4.6937699e+00   1.1909593e+01
   2.0412642e+01   7.3108791e+00   1.6645326e+01
   2.5013380e+01   4.7839850e+00   1.4263511e+01
   3.0080129e+01   4.5036883e+00   1.6214047e+01
   3.4678010e+01   4.5108234e+00   1.2502572e+01
   0.0000000e+00   4.2065300e+00   1.0168183e+01
   4.1420054e+00   9.9729674e+00   1.6152188e+01
   7.7734384e+00   1.0239095e+01   1.9524661e+01
   9.9168456e+00   5.0216295e+00   1.6415740e+01
   1.7112757e+01   9.2376683e+00   2.0753544e+01
   2.2939282e+01   9.8880489e+00   1.2502954e+01
   2.7088090e+01   9.3021136e+00   1.6144761e+01
   5.0000000e+01   4.4563145e+00   1.3774582e+01
   0.0000000e+00   1.3578616e+01   1.5476152e+01
   1.3698484e+01   9.4117788e+00   1.5322864e+01
   2.4773922e+01   1.4551661e+01   1.5100036e+01
   3.1966289e+01   1.3090659e+01   1.5484911e+01
   3.7420167e+01   1.2677525e+01   1.2785030e+01
   5.0000000e+01   1.2040469e+01   1.9138609e+01
   4.8554652e+00   1.5583247e+01   1.8233249e+01
   1.0023473e+01   1.3647862e+01   1.6458463e+01
   1.4086239e+01   1.6518270e+01   1.8588386e+01
   2.8660414e+01   1.7640687e+01   1.2959239e+01
   3.6137463e+01   1.8081614e+01   1.2762394e+01
   5.0000000e+01   1.5124475e+01   1.4406197e+01
   0.0000000e+00   1.7926592e+01   1.2601809e+01
   4.2976210e+00   2.0193895e+01   1.2527701e+01
   9.3193177e+00   1.8117562e+01   1.4869073e+01
   1.3061739e+01   2.1893529e+01   1.7178601e+01
   3.1635768e+01   2.2243873e+01   1.3436809e+01
   4.1079504e+01   2.1085640e+01   1.4263117e+01
   4.5613978e+01   1.8220734e+01   1.2686245e+01
   0.0000000e+00   2.3620597e+01   1.4600073e+01
   4.2659583e+00   2.7011196e+01   1.7698864e+01
   1.3372341e+01   2.0225064e+01   1.1895179e+01
   1.7686792e+01   2.4703193e+01   1.7100679e+01
   2.8662707e+01   2.6986429e+01   1.6331453e+01
   4.5519919e+01   2.3715571e+01   1.2855898e+01
   0.0000000e+00   2.9415919e+01   1.4997253e+01
   4.4458372e+00   3.1033581e+01   1.2717358e+01
   9.1581536e+00   2.8395895e+01   1.5363159e+01
   1.3929490e+01   2.5723757e+01   1.2513656e+01
   1.9390850e+01   2.9224577e+01   1.4240986e+01
   3.6599189e+01   3.0705755e+01   1.3766989e+01
   4.0758302e+01   3.0098539e+01   1.8542722e+01
   4.5350858e+01   2.6733912e+01   1.8021808e+01
   8.7705360e+00   3.3302353e+01   1.3386231e+01
   1.3000419e+01   3.6633383e+01   1.4058994e+01
   2.5784520e+01   3.0537115e+01   1.3811620e+01
   2.7722597e+01   3.4993620e+01   1.1523682e+01
   3.1277192e+01   3.2326630e+01   1.4835143e+01
   5.0000000e+01   3.2244321e+01   1.3484554e+01
   0.0000000e+00   4.0121078e+01   1.0734742e+01
   4.3684084e+00   3.6696965e+01   1.5065128e+01
   1.5998127e+01   3.7708238e+01   1.9316529e+01
   2.4229675e+01   3.9537675e+01   1.2306585e+01
   3.2769452e+01   3.7218430e+01   1.6395968e+01
   3.7356614e+01   3.6516356e+01   1.3662370e+01
   4.1402543e+01   4.0774940e+01   1.4533800e+01
   4.5370857e+01   3.6403859e+01   1.3800400e+01
   5.0000000e+01   3.6086503e+01   1.7709421e+01
   0.0000000e+00   4.0116724e+01   1.5970717e+01
   9.8341426e+00   4.1798794e+01   1.5167348e+01
   1.4873859e+01   4.1679879e+01   1.6585813e+01
   2.4039689e+01   4.4069013e+01   1.6612503e+01
   2.8260055e+01   4.0162366e+01   1.4789825e+01
   3.2802822e+01   4.2216923e+01   1.3526439e+01
   3.6794719e+01   4.1397129e+01   1.7010399e+01
   5.0000000e+01   4.1095200e+01   1.5419554e+01
   4.9954391e+00   4.5854978e+01   1.5447106e+01
   1.0292233e+01   4.5564385e+01   1.8202270e+01
   2.8727122e+01   4.5714456e+01   1.4439722e+01
   3.6489986e+01   4.6105233e+01   1.3913802e+01
   4.5376521e+01   4.5373164e+01   1.5570105e+01
   4.5079465e+01   5.0000000e+01   1.8619147e+01
   5.0000000e+01   4.5592933e+01   1.2883479e+01
   0.0000000e+00   5.0000000e+01   1.5203188e+01
   1.4349929e+01   5.0000000e+01   1.7484329e+01
   1.8226672e+01   5.0000000e+01   1.3090884e+01
   4.0355867e+01   5.0000000e+01   1.4814705e+01
   1.4852217e+01   0.0000000e+00   1.9881059e+01
   2.4734775e+01   0.0000000e+00   1.7485441e+01
   3.9335498e+01   0.0000000e+00   1.7079297e+01
   5.0000000e+01   0.0000000e+00   1.7466414e+01
   0.0000000e+00   4.4107516e+00   1.6248770e+01
   1.5457337e+01   4.5988223e+00   1.7177204e+01
   2.1080762e+01   0.0000000e+00   2.1552488e+01
   3.5441114e+01   4.4659483e+00   1.8077293e+01
   4.0734251e+01   5.3869180e+00   1.8922108e+01
   4.5311522e+01   4.4873051e+00   1.5708365e+01
   0.0000000e+00   8.9287911e+00   1.9024622e+01
   8.8806326e+00   4.7472192e+00   2.2141662e+01
   1.2421423e+01   9.1495772e+00   2.0077353e+01
   1.7567977e+01   1.2725839e+01   1.7078578e+01
   2.1039171e+01   9.6366136e+00   2.4438994e+01
   3.1750045e+01   8.9768201e+00   1.8837221e+01
   3.6642236e+01   9.8156184e+00   2.1103047e+01
   4.1995974e+01   8.7220647e+00   1.3361645e+01
   1.1636015e+01   1.3906406e+01   2.2506582e+01
   1.7804745e+01   1.4546769e+01   2.2858570e+01
   2.0319808e+01   1.0944042e+01   2.9693534e+01
   2.2686031e+01   1.0943190e+01   1.9172852e+01
   2.6974004e+01   9.1705291e+00   2.2422091e+01
   3.9257692e+01   1.4962513e+01   2.2962396e+01
   4.5569542e+01   9.1605610e+00   1.8211918e+01
   5.0000000e+01   9.0494995e+00   2.3442000e+01
   5.3724999e+00   1.4471409e+01   2.3731612e+01
   1.7454860e+01   2.0169922e+01   2.1009594e+01
   2.7866577e+01   1.3819943e+01   1.9535246e+01
   3.6615819e+01   1.4931030e+01   1.7613963e+01
   4.5478938e+01   1.5440730e+01   1.7917840e+01
   5.0000000e+01   1.7715883e+01   1.9927466e+01
   0.0000000e+00   1.8724772e+01   1.7904625e+01
   5.0233823e+00   2.1457040e+01   1.7024014e+01
   9.3589699e+00   1.8436193e+01   2.0742937e+01
   2.6461275e+01   1.9079999e+01   1.8151150e+01
   3.1381285e+01   2.3142944e+01   1.9205765e+01
   3.1839441e+01   1.7959007e+01   1.7142763e+01
   3.6350810e+01   2.1120613e+01   1.7323124e+01
   4.5479367e+01   2.0909983e+01   1.8237042e+01
   0.0000000e+00   2.3939776e+01   1.9848668e+01
   8.9893560e+00   2.3376761e+01   1.3237002e+01
   2.1924056e+01   2.2075343e+01   1.7571312e+01
   3.2942491e+01   2.7031613e+01   1.3591775e+01
   4.0770074e+01   2.6813628e+01   1.3943040e+01
   5.0000000e+01   2.0638456e+01   1.4601483e+01
   5.4578182e+00   3.2144909e+01   1.8242882e+01
   9.2217390e+00   2.9151764e+01   2.1172839e+01
   1.2169207e+01   3.2927489e+01   1.8481935e+01
   1.8324513e+01   2.9259528e+01   2.0428027e+01
   2.0532125e+01   2.5148732e+01   2.2328679e+01
   2.3266354e+01   2.7272173e+01   1.7782057e+01
   3.2477324e+01   2.8944074e+01   1.9441851e+01
   5.0000000e+01   2.3720490e+01   1.9388779e+01
   0.0000000e+00   3.4571808e+01   1.8307552e+01
   8.8152179e+00   3.5126741e+01   2.2839064e+01
   1.7381440e+01   3.3391549e+01   1.6767849e+01
   2.2552581e+01   3.2656355e+01   1.8389763e+01
   2.7632363e+01   3.0794880e+01   1.9735815e+01
   3.1364055e+01   3.4825537e+01   2.0698349e+01
   3.6268332e+01   3.3109411e+01   1.8437964e+01
   4.5562791e+01   3.2748548e+01   1.7661262e+01
   5.0000000e+01   2.9751850e+01   1.8471156e+01
   9.0544865e+00   3.7085893e+01   1.7664222e+01
   1.7316337e+01   3.7419150e+01   1.3201770e+01
   2.1517838e+01   3.8039612e+01   1.7197775e+01
   2.6888595e+01   3.5637310e+01   1.6851110e+01
   2.5849719e+01   4.0212659e+01   2.0161695e+01
   3.1364918e+01   4.1254836e+01   1.9602878e+01
   3.6189624e+01   3.8215981e+01   2.1220530e+01
   4.0974186e+01   3.6390193e+01   1.7994025e+01
   0.0000000e+00   4.0108210e+01   2.1440803e+01
   5.2201797e+00   4.1351258e+01   1.8449233e+01
   1.9774721e+01   4.2182513e+01   1.9524633e+01
   2.7030209e+01   4.5470160e+01   2.1001213e+01
   4.1280305e+01   4.1251769e+01   2.0872930e+01
   4.5677231e+01   4.0430919e+01   1.8004210e+01
   5.0000000e+01   4.0520534e+01   2.1659809e+01
   1.5295608e+01   4.5194434e+01   2.1007020e+01
   1.9236007e+01   4.6680143e+01   1.6726361e+01
   3.2592927e+01   4.5939949e+01   1.8121323e+01
   4.0545002e+01   4.5797623e+01   1.7997740e+01
   5.0000000e+01   4.5385187e+01   1.8960781e+01
   4.6104114e+00   5.0000000e+01   1.8199685e+01
   9.3227792e+00   5.0000000e+01   1.5150617e+01
   2.3513164e+01   5.0000000e+01   1.4452141e+01
   2.8559611e+01   5.0000000e+01   1.7136002e+01
   3.6104026e+01   5.0000000e+01   1.8680643e+01
   4.0752860e+01   5.0000000e+01   2.2103250e+01
   5.0000000e+01   5.0000000e+01   1.5812340e+01
   0.0000000e+00   0.0000000e+00   1.9543805e+01
   2.9837693e+01   0.0000000e+00   1.9206332e+01
   3.5084873e+01   0.0000000e+00   2.1112743e+01
   4.0540495e+01   0.0000000e+00   2.2674088e+01
   4.5728461e+01   0.0000000e+00   2.5815871e+01
   5.0000000e+01   0.0000000e+00   2.2860662e+01
   4.7044661e+00   4.7905320e+00   1.9051790e+01
   9.6012154e+00   0.0000000e+00   1.9346311e+01
   1.3762089e+01   4.8712799e+00   2.3222771e+01
   2.3394731e+01   4.8034492e+00   2.4940711e+01
   3.0723642e+01   4.4412489e+00   2.2005776e+01
   3.6540050e+01   4.8192011e+00   2.3671657e+01
   4.1578572e+01   4.8442368e+00   2.5915925e+01
   5.0000000e+01   5.5107378e+00   1.9181341e+01
   0.0000000e+00   9.6276981e+00   2.5328808e+01
   4.1861864e+00   9.1882219e+00   2.2439790e+01
   1.4919798e+01   1.0428665e+01   2.5962058e+01
   1.9238737e+01   4.3552146e+00   2.1192674e+01
   2.6178379e+01   9.7930960e+00   2.8025182e+01
   2.5037606e+01   4.8787312e+00   1.9685893e+01
   4.1363341e+01   9.1592271e+00   2.2956812e+01
   4.5691629e+01   4.7305579e+00   2.2146776e+01
   0.0000000e+00   1.3831279e+01   2.1246363e+01
   3.2964191e+01   1.3909809e+01   2.1451185e+01
   4.1051556e+01   1.1853259e+01   1.7901476e+01
   1.4034483e+01   1.8759779e+01   2.5209733e+01
   2.4065966e+01   1.4433991e+01   2.3980744e+01
   2.9177528e+01   1.4122652e+01   2.5931533e+01
   4.0854351e+01   1.8109104e+01   1.9246387e+01
   9.4041866e+00   2.2308340e+01   2.5022061e+01
   2.9076957e+01   1.8445396e+01   2.2487751e+01
   3.5112986e+01   1.8842133e+01   2.2029089e+01
   9.0377650e+00   2.4113668e+01   1.9429321e+01
   1.3775424e+01   2.7883301e+01   1.7920164e+01
   1.4321808e+01   2.4631903e+01   2.2412822e+01
   2.6415717e+01   2.4219266e+01   2.1425494e+01
   3.5728504e+01   2.4478910e+01   2.2474470e+01
   3.6452272e+01   2.6728669e+01   1.7594244e+01
   4.0878460e+01   2.4049885e+01   1.9152600e+01
   5.0000000e+01   2.0911163e+01   2.4564961e+01
   4.6286063e+00   2.6065447e+01   2.3206526e+01
   1.4100662e+01   3.0342456e+01   2.3957025e+01
   3.5228174e+01   3.0346469e+01   2.3554336e+01
   4.0329530e+01   3.3459954e+01   2.2974892e+01
   1.3727370e+01   3.5786931e+01   2.3572143e+01
   1.9210270e+01   3.3856857e+01   2.2716638e+01
   2.5474796e+01   3.5552299e+01   2.2831729e+01
   4.5266636e+01   3.0391612e+01   2.2786000e+01
   5.0000000e+01   3.3379199e+01   2.2445238e+01
   0.0000000e+00   3.4774221e+01   2.4141299e+01
   4.1828327e+00   3.6600416e+01   2.1086278e+01
   1.0990796e+01   4.0635650e+01   2.1182068e+01
   1.6238550e+01   4.0675891e+01   2.4731460e+01
   4.5374123e+01   3.6566957e+01   2.1860926e+01
   1.0337907e+01   4.4927953e+01   2.4442821e+01
   1.5642387e+01   4.5368633e+01   2.7107880e+01
   2.0922684e+01   3.8683760e+01   2.3405431e+01
   2.5475359e+01   4.1340322e+01   2.5754118e+01
   3.6414017e+01   4.4669490e+01   2.1881019e+01
   4.5486706e+01   4.0975942e+01   2.5708943e+01
   5.0000000e+01   3.7176856e+01   2.6224113e+01
   0.0000000e+00   4.5125358e+01   1.8456402e+01
   2.1256167e+01   4.5138045e+01   2.3567640e+01
   2.6370922e+01   4.5880468e+01   2.7476915e+01
   3.0908654e+01   5.0000000e+01   2.1873439e+01
   4.5341008e+01   4.5360683e+01   2.1752883e+01
   5.0000000e+01   4.5286142e+01   2.5437517e+01
   0.0000000e+00   5.0000000e+01   2.1273814e+01
   9.5161743e+00   5.0000000e+01   2.1120775e+01
   5.1819078e+00   4.5556583e+01   2.1427072e+01
   1.4222483e+01   5.0000000e+01   2.3875266e+01
   1.8866106e+01   5.0000000e+01   2.1021020e+01
   2.3595205e+01   5.0000000e+01   1.9431844e+01
   5.0000000e+01   5.0000000e+01   2.2062656e+01
   4.9407090e+00   0.0000000e+00   2.2589119e+01
   1.0441836e+01   0.0000000e+00   2.5484370e+01
   3.1296852e+01   0.0000000e+00   2.5471027e+01
   3.6519795e+01   0.0000000e+00   2.7278612e+01
   5.0000000e+01   0.0000000e+00   3.0059882e+01
   0.0000000e+00   4.5698705e+00   2.2564730e+01
   5.2057039e+00   4.7527057e+00   2.6033864e+01
   1.1401068e+01   4.8851480e+00   2.8714241e+01
   1.6250501e+01   0.0000000e+00   2.4686496e+01
   2.1302143e+01   0.0000000e+00   2.7431079e+01
   2.6208085e+01   0.0000000e+00   2.3515893e+01
   4.5479291e+01   4.7431369e+00   3.0605195e+01
   5.0000000e+01   4.5712591e+00   2.6653962e+01
   4.7567595e+00   1.0263744e+01   2.8431368e+01
   9.4214583e+00   9.3582147e+00   2.5420526e+01
   1.7834681e+01   5.2638453e+00   2.7212471e+01
   3.2010687e+01   9.2230569e+00   2.4876022e+01
   3.7126114e+01   9.5218916e+00   2.7448687e+01
   9.6158454e+00   1.4988917e+01   2.7562392e+01
   2.5339109e+01   1.5210854e+01   3.0420073e+01
   4.0946831e+01   1.3542036e+01   2.7487044e+01
   4.5643204e+01   9.1645565e+00   2.6581272e+01
   0.0000000e+00   1.8742436e+01   2.3632017e+01
   1.6675256e+01   2.0172041e+01   3.0861630e+01
   4.0465037e+01   2.1182113e+01   2.3997188e+01
   4.5094643e+01   1.2994115e+01   2.2605271e+01
   2.0025080e+01   1.6666051e+01   2.7306193e+01
   2.5998769e+01   1.9807663e+01   2.7004201e+01
   3.1165828e+01   2.2196876e+01   2.5166451e+01
   4.5016883e+01   1.7953674e+01   2.3991974e+01
   4.4534270e+00   2.0536709e+01   2.1966197e+01
   1.9102612e+01   2.2412160e+01   2.6399810e+01
   2.2939097e+01   1.9845641e+01   2.2862964e+01
   2.9852181e+01   2.7482289e+01   2.4457623e+01
   3.5147080e+01   2.6193694e+01   2.7644895e+01
   4.5275588e+01   2.4167089e+01   2.3411072e+01
   5.0000000e+01   2.4980047e+01   2.8890956e+01
   0.0000000e+00   2.9556556e+01   2.0825855e+01
   9.4281249e+00   2.7850738e+01   2.6484257e+01
   2.4014610e+01   2.9792802e+01   2.3478802e+01
   2.9577366e+01   3.2817858e+01   2.5369689e+01
   4.0370608e+01   2.7439895e+01   2.3805944e+01
   4.8631267e+00   3.1358161e+01   2.4159252e+01
   1.0051423e+01   3.3193609e+01   2.8063373e+01
   1.6533993e+01   3.4905125e+01   2.8129955e+01
   2.0889203e+01   3.9238778e+01   2.9252621e+01
   5.0000000e+01   2.7275192e+01   2.3700911e+01
   5.0471030e+00   3.5922820e+01   2.7535254e+01
   1.0594719e+01   3.9309536e+01   2.7364491e+01
   3.0535775e+01   3.8920223e+01   2.4465133e+01
   4.0595094e+01   3.8332442e+01   2.5246773e+01
   4.4709075e+01   3.4581926e+01   2.7390167e+01
   5.6049925e+00   4.0709209e+01   2.4311700e+01
   2.0664795e+01   4.4753659e+01   2.9668588e+01
   2.5698029e+01   4.2228943e+01   3.2384008e+01
   3.1463325e+01   4.4927711e+01   2.4375335e+01
   0.0000000e+00   4.5038879e+01   2.4407168e+01
   4.0761700e+01   4.5171646e+01   2.5329026e+01
   5.0000000e+01   4.1257536e+01   2.9867639e+01
   9.4739703e+00   5.0000000e+01   2.7350182e+01
   1.4403496e+01   5.0000000e+01   3.0138877e+01
   1.9760256e+01   5.0000000e+01   2.6702187e+01
   2.5315782e+01   5.0000000e+01   2.4324462e+01
   3.5831777e+01   5.0000000e+01   2.4909691e+01
   4.5421889e+01   5.0000000e+01   2.5540412e+01
   0.0000000e+00   0.0000000e+00   2.5654542e+01
   5.2582407e+00   0.0000000e+00   2.8706043e+01
   1.5554346e+01   0.0000000e+00   2.9903552e+01
   2.1415816e+01   0.0000000e+00   3.3232268e+01
   4.1553326e+01   0.0000000e+00   2.8868799e+01
   1.7791793e+01   4.8066112e+00   3.3303504e+01
   2.8211047e+01   4.8116552e+00   2.7067129e+01
   3.8582608e+01   4.7067357e+00   3.0607269e+01
   9.7798041e+00   1.0292275e+01   3.1614814e+01
   1.5251163e+01   8.8428418e+00   3.1409232e+01
   3.1662200e+01   1.0652725e+01   3.0874250e+01
   3.3258687e+01   5.0395282e+00   2.8632514e+01
   4.1913188e+01   9.3076802e+00   3.0969788e+01
   1.9869311e+01   1.5378707e+01   3.3450429e+01
   2.5531158e+01   1.0583708e+01   3.3873096e+01
   3.6736165e+01   9.9124094e+00   3.4052219e+01
   5.0000000e+01   9.9012339e+00   2.9949296e+01
   0.0000000e+00   1.4774351e+01   2.7487145e+01
   5.1771956e+00   1.8966450e+01   2.7209012e+01
   1.0703791e+01   2.0111133e+01   3.0573193e+01
   1.4678368e+01   1.4676228e+01   3.0004154e+01
   3.0941639e+01   1.8195729e+01   2.9691882e+01
   3.4800175e+01   1.4550670e+01   2.6689899e+01
   5.0000000e+01   1.4512855e+01   2.5156227e+01
   3.6236841e+01   2.0135938e+01   2.7357743e+01
   4.1298316e+01   1.8337224e+01   2.9179929e+01
   5.0000000e+01   1.8280773e+01   2.9841479e+01
   0.0000000e+00   2.4010916e+01   2.5299366e+01
   2.4185475e+01   2.5273328e+01   2.7214905e+01
   2.9334902e+01   2.4673727e+01   2.9795429e+01
   3.4486833e+01   2.2461036e+01   3.2199838e+01
   4.0289504e+01   2.4592255e+01   2.9049144e+01
   0.0000000e+00   2.9509888e+01   2.6607918e+01
   1.4443049e+01   2.9754702e+01   3.0161763e+01
   1.9173851e+01   2.9018731e+01   2.6753823e+01
   2.2375639e+01   3.4004292e+01   2.7756133e+01
   2.6479433e+01   3.0111979e+01   2.9177992e+01
   3.2946173e+01   3.0450800e+01   2.9697191e+01
   3.9454039e+01   3.0837273e+01   2.8530795e+01
   4.5005442e+01   2.8267828e+01   2.8121849e+01
   2.7075859e+01   3.6902648e+01   2.9059019e+01
   3.2494579e+01   3.6291265e+01   2.9839109e+01
   3.5385675e+01   3.4909721e+01   2.5686325e+01
   3.9246233e+01   3.5887237e+01   3.0478342e+01
   5.0000000e+01   3.1252893e+01   2.7919070e+01
   0.0000000e+00   3.4471981e+01   3.0165190e+01
   1.5359063e+01   4.0456731e+01   3.0814907e+01
   3.0693558e+01   4.2554192e+01   2.9809497e+01
   3.5702138e+01   4.0799283e+01   2.6353689e+01
   4.5311620e+01   3.2572679e+01   3.2817483e+01
   0.0000000e+00   3.9856169e+01   2.7339815e+01
   4.9573468e+00   4.0383358e+01   3.0572705e+01
   9.4083278e+00   3.9700285e+01   3.3567414e+01
   1.0331240e+01   4.4754780e+01   3.0587018e+01
   4.0699416e+01   4.1676426e+01   2.9815894e+01
   4.4981140e+01   3.8982788e+01   3.1995334e+01
   0.0000000e+00   5.0000000e+01   2.7590934e+01
   5.0681612e+00   4.5305452e+01   2.7583417e+01
   2.9353766e+01   4.8170327e+01   3.3232249e+01
   3.5660332e+01   4.5665780e+01   2.8738093e+01
   4.5286660e+01   4.5419411e+01   2.9636647e+01
   5.0000000e+01   4.5359771e+01   3.3355143e+01
   4.6526214e+00   5.0000000e+01   2.4364960e+01
   9.7195848e+00   5.0000000e+01   3.3933467e+01
   3.0617728e+01   5.0000000e+01   2.7792747e+01
   4.0495202e+01   5.0000000e+01   2.8794125e+01
   5.0000000e+01   5.0000000e+01   2.9383067e+01
   1.0232510e+01   0.0000000e+00   3.2017955e+01
   2.7126757e+01   0.0000000e+00   3.6367416e+01
   2.6589645e+01   0.0000000e+00   2.9874862e+01
   3.8191264e+01   0.0000000e+00   3.3978052e+01
   0.0000000e+00   5.1525192e+00   2.8841889e+01
   5.8808024e+00   5.2243959e+00   3.2023791e+01
   1.1664764e+01   5.4546688e+00   3.5419950e+01
   2.8580639e+01   5.4063363e+00   3.3124234e+01
   5.0000000e+01   5.3851366e+00   3.4345667e+01
   0.0000000e+00   1.0549175e+01   3.1751566e+01
   9.5274526e+00   1.0694388e+01   3.8593683e+01
   1.9808708e+01   1.0236433e+01   3.6282976e+01
   2.2983806e+01   5.4273841e+00   3.0705096e+01
   3.4011936e+01   5.1944385e+00   3.4699334e+01
   4.1069113e+01   5.0455771e+00   3.5973251e+01
   4.5741765e+01   9.7273762e+00   3.4868065e+01
   4.8055935e+00   1.5114158e+01   3.1217528e+01
   3.0899293e+01   1.0089469e+01   3.7888518e+01
   0.0000000e+00   1.6150305e+01   3.4099433e+01
   9.5654933e+00   1.5559973e+01   3.4232957e+01
   2.4702840e+01   1.6620011e+01   3.6827826e+01
   3.0270080e+01   1.4733967e+01   3.4450750e+01
   4.1279353e+01   1.4384612e+01   3.4244099e+01
   4.5965348e+01   1.4363595e+01   2.9688225e+01
   0.0000000e+00   2.0200796e+01   2.9762236e+01
   9.6066748e+00   2.5562545e+01   3.1872076e+01
   2.2985325e+01   2.0672169e+01   3.1398662e+01
   3.3923820e+01   1.8803843e+01   3.6626938e+01
   3.6275685e+01   1.5789248e+01   3.1985731e+01
   4.9008010e+00   2.4356528e+01   2.8764167e+01
   1.4262592e+01   2.4753501e+01   2.7859114e+01
   1.9382035e+01   2.5821818e+01   3.1628272e+01
   3.6229415e+01   2.3530817e+01   3.8544016e+01
   4.5429495e+01   2.1886573e+01   2.9007871e+01
   0.0000000e+00   3.0765219e+01   3.4458990e+01
   4.9558460e+00   3.0215222e+01   3.0121756e+01
   2.1580045e+01   3.0938079e+01   3.2812410e+01
   2.4906137e+01   2.6035801e+01   3.3984706e+01
   2.8370456e+01   3.2447534e+01   3.3724236e+01
   3.7489759e+01   2.7759711e+01   3.3518991e+01
   1.2363232e+01   3.5307759e+01   3.2682818e+01
   1.8195195e+01   3.5805654e+01   3.4251003e+01
   2.4073989e+01   3.6425149e+01   3.3964815e+01
   4.4267793e+01   2.6176170e+01   3.3768129e+01
   5.0861599e+00   3.4911902e+01   3.3949156e+01
   2.0183334e+01   4.1575912e+01   3.5385251e+01
   3.0191837e+01   3.8762603e+01   3.4836360e+01
   4.0081349e+01   3.9142574e+01   3.6106736e+01
   1.5543921e+01   4.5150769e+01   3.3793898e+01
   3.4344729e+01   4.4551897e+01   3.5149039e+01
   5.0000000e+01   3.5371402e+01   3.2039656e+01
   4.0032841e+01   4.5524987e+01   3.3346734e+01
   5.0000000e+01   4.4215656e+01   3.9914551e+01
   4.7544146e+00   5.0000000e+01   3.0874700e+01
   3.5142915e+01   5.0000000e+01   3.1805172e+01
   4.4764321e+01   5.0000000e+01   3.3110319e+01
   3.2958452e+01   0.0000000e+00   3.7361163e+01
   3.2100673e+01   0.0000000e+00   3.1565332e+01
   4.4781155e+01   0.0000000e+00   3.3168698e+01
   5.0000000e+01   0.0000000e+00   3.6492728e+01
   1.5637847e+01   0.0000000e+00   3.5848901e+01
   0.0000000e+00   5.6294888e+00   3.4941606e+01
   1.5399693e+01   1.1073054e+01   4.1816071e+01
   2.3354907e+01   5.2394825e+00   3.6914848e+01
   3.5728889e+01   5.9371254e+00   4.0023876e+01
   5.0000000e+01   9.7235452e+00   3.9631189e+01
   3.5786364e+01   1.3705840e+01   3.8541862e+01
   4.0811952e+01   1.0088382e+01   3.9383723e+01
   4.5360991e+01   1.4391124e+01   3.9324410e+01
   0.0000000e+00   2.2737312e+01   3.5532241e+01
   1.0997054e+01   1.6427248e+01   4.0999213e+01
   1.4506707e+01   1.2003345e+01   3.6066459e+01
   3.4409396e+01   1.8598652e+01   4.3524469e+01
   5.0000000e+01   1.4141926e+01   3.4628572e+01
   5.1261972e+00   2.0565188e+01   3.3522000e+01
   9.6738694e+00   2.1524934e+01   3.7243920e+01
   1.4609475e+01   1.7997456e+01   3.5794002e+01
   2.8312433e+01   2.0873543e+01   3.4417205e+01
   4.0157420e+01   1.8126730e+01   3.9092504e+01
   4.5402556e+01   1.8661495e+01   3.4332690e+01
   5.0000000e+01   1.8708361e+01   3.9108481e+01
   0.0000000e+00   2.6230735e+01   3.1118868e+01
   5.0991584e+00   2.6594896e+01   3.5198330e+01
   1.4415221e+01   2.4543874e+01   3.4600482e+01
   2.0061290e+01   2.1398250e+01   3.6240877e+01
   3.9997030e+01   2.1373662e+01   3.4130521e+01
   5.0000000e+01   2.2522913e+01   3.4181796e+01
   9.6684527e+00   3.0772522e+01   3.4327330e+01
   3.1358561e+01   2.7168032e+01   3.4727482e+01
   4.5091956e+01   3.0089592e+01   3.9107290e+01
   1.5825486e+01   3.0206104e+01   3.5370057e+01
   3.4836610e+01   3.3914582e+01   3.4872892e+01
   4.0768277e+01   3.2256809e+01   3.4863159e+01
   5.0000000e+01   2.8887216e+01   3.3575851e+01
   1.4019102e+01   3.9441633e+01   3.7300374e+01
   2.8564615e+01   4.3855584e+01   3.7941509e+01
   3.5729924e+01   4.0167111e+01   3.2578326e+01
   4.4875010e+01   3.6842080e+01   3.8302867e+01
   0.0000000e+00   3.9228546e+01   3.3974575e+01
   2.3444121e+01   4.6731768e+01   3.5209092e+01
   4.4876060e+01   4.3830498e+01   3.6497845e+01
   0.0000000e+00   4.4784731e+01   3.0709337e+01
   5.1332829e+00   4.4790571e+01   3.4195939e+01
   1.0179248e+01   4.4418444e+01   3.7595568e+01
   1.9339258e+01   5.0000000e+01   3.2877696e+01
   2.4703520e+01   5.0000000e+01   3.0486059e+01
   3.3037147e+01   4.5035755e+01   4.1144270e+01
   5.0244903e+00   5.0000000e+01   3.7632951e+01
   1.4538584e+01   5.0000000e+01   3.7026413e+01
   3.8959210e+01   5.0000000e+01   3.6595973e+01
   0.0000000e+00   0.0000000e+00   3.1685878e+01
   5.0145462e+00   0.0000000e+00   3.5092479e+01
   3.2541077e+01   0.0000000e+00   4.2802320e+01
   3.8784248e+01   0.0000000e+00   4.0412610e+01
   4.4042896e+01   0.0000000e+00   3.8522753e+01
   5.5894208e+00   5.5230612e+00   3.8501027e+01
   5.0000000e+01   5.5669832e+00   4.5337094e+01
   4.7162596e+00   1.0603570e+01   3.5196180e+01
   1.0858858e+01   5.6878314e+00   4.2194982e+01
   1.7311946e+01   5.5300394e+00   3.9396232e+01
   2.8828703e+01   5.1249367e+00   3.9765367e+01
   4.6056834e+01   5.1936112e+00   3.9931941e+01
   0.0000000e+00   1.1670348e+01   3.8574396e+01
   2.4507684e+01   1.1127883e+01   3.9848350e+01
   2.8045823e+01   1.0512788e+01   4.4408644e+01
   3.4889110e+01   1.1259160e+01   4.4022612e+01
   0.0000000e+00   1.8915411e+01   3.9649229e+01
   5.1113167e+00   1.6251938e+01   3.8299378e+01
   1.9155389e+01   1.6044668e+01   3.9915085e+01
   1.5447502e+01   2.2098829e+01   4.0431419e+01
   2.9597255e+01   1.6233593e+01   4.0909606e+01
   0.0000000e+00   2.7302614e+01   3.9520880e+01
   1.0877657e+01   2.7452381e+01   3.9483240e+01
   1.9714553e+01   2.7179712e+01   3.8472315e+01
   2.2102615e+01   3.3106789e+01   3.8993154e+01
   3.9844061e+01   2.1984101e+01   4.4238518e+01
   4.4818390e+01   2.2621291e+01   3.9029917e+01
   0.0000000e+00   3.4636910e+01   3.8873302e+01
   5.2130578e+00   3.0955376e+01   3.9206484e+01
   9.7792054e+00   3.5336008e+01   3.8930050e+01
   3.0406213e+01   2.3401726e+01   3.9596750e+01
   3.4191629e+01   2.9624979e+01   3.9338065e+01
   4.0339737e+01   2.6920484e+01   3.9045593e+01
   1.3045274e+01   3.8583466e+01   4.4014592e+01
   2.9850398e+01   3.4402761e+01   3.9280587e+01
   3.9174060e+01   3.3965685e+01   4.0097825e+01
   5.0000000e+01   3.3123664e+01   3.8139274e+01
   5.3136204e+00   3.9314858e+01   3.8190809e+01
   1.8862900e+01   3.8607960e+01   4.0732417e+01
   2.5380446e+01   3.9056764e+01   3.9223042e+01
   3.4715902e+01   3.9087523e+01   3.9332954e+01
   4.4546270e+01   4.1113342e+01   4.3258346e+01
   5.0000000e+01   3.9495789e+01   3.6368807e+01
   2.2299462e+01   4.4509458e+01   4.0951684e+01
   3.9557630e+01   4.4267767e+01   3.9921455e+01
   5.0000000e+01   4.4202746e+01   4.5795436e+01
   0.0000000e+00   4.5080593e+01   3.7114348e+01
   5.0989498e+00   4.5279609e+01   4.1009754e+01
   1.5938000e+01   4.4562238e+01   4.0124953e+01
   2.6777614e+01   5.0000000e+01   3.9281606e+01
   3.3025437e+01   5.0000000e+01   3.8088128e+01
   0.0000000e+00   5.0000000e+01   3.4171172e+01
   2.0102366e+01   5.0000000e+01   3.9081546e+01
   0.0000000e+00   0.0000000e+00   3.7947905e+01
   5.3376465e+00   0.0000000e+00   4.2029601e+01
   1.0843000e+01   0.0000000e+00   4.5663325e+01
   1.0076042e+01   0.0000000e+00   3.8460391e+01
   2.1463111e+01   0.0000000e+00   3.9349076e+01
   3.7233846e+01   0.0000000e+00   4.6679682e+01
   4.4520676e+01   0.0000000e+00   4.4760790e+01
   5.0000000e+01   0.0000000e+00   4.2547389e+01
   1.5278984e+01   0.0000000e+00   4.1939346e+01
   3.1976197e+01   5.3097375e+00   4.5393931e+01
   0.0000000e+00   5.3036231e+00   4.1069289e+01
   5.3045920e+00   1.1515327e+01   4.2888011e+01
   1.0562467e+01   1.1657657e+01   4.5921200e+01
   2.3189641e+01   5.5850983e+00   4.3676750e+01
   1.5506000e+01   1.7075444e+01   4.5062187e+01
   2.0442404e+01   1.1474321e+01   4.5094090e+01
   3.2439719e+01   1.0705151e+01   5.0000000e+01
   4.5017414e+01   1.0187044e+01   4.4636194e+01
   4.5064170e+01   1.8495048e+01   4.4274908e+01
   5.0000000e+01   1.4436070e+01   4.4343888e+01
   5.7380663e+00   1.5407227e+01   5.0000000e+01
   2.0381623e+01   2.1685139e+01   4.4434417e+01
   2.4661395e+01   1.2322791e+01   5.0000000e+01
   3.0534933e+01   1.6023543e+01   4.8388781e+01
   1.0739053e+01   2.2647910e+01   4.4497972e+01
   2.4259410e+01   1.6566785e+01   4.4078936e+01
   0.0000000e+00   2.3239566e+01   4.4525057e+01
   5.1310217e+00   2.3065220e+01   4.0120991e+01
   1.5316373e+01   3.2927285e+01   3.9774047e+01
   3.4375550e+01   2.5234210e+01   4.4513003e+01
   0.0000000e+00   3.0791038e+01   4.4431877e+01
   5.6989066e+00   2.7319778e+01   4.4581087e+01
   2.4392331e+01   2.2406513e+01   3.9698731e+01
   2.9681369e+01   2.9004022e+01   4.4177037e+01
   3.9169824e+01   2.9541524e+01   4.4613959e+01
   5.0000000e+01   2.6058728e+01   3.9203736e+01
   2.6567182e+01   2.8861000e+01   3.8794912e+01
   2.5987704e+01   3.4013408e+01   4.4169633e+01
   3.4039210e+01   3.4041863e+01   4.4440305e+01
   4.4428197e+01   3.3935258e+01   4.4581323e+01
   0.0000000e+00   4.0712394e+01   4.0332159e+01
   5.5408565e+00   3.4783946e+01   4.3969192e+01
   2.2860217e+01   3.9132305e+01   4.5223970e+01
   3.5730960e+01   4.4224334e+01   4.5522892e+01
   5.0000000e+01   3.7437364e+01   4.3217165e+01
   6.3105365e+00   4.0970782e+01   4.4506320e+01
   3.0342118e+01   3.9400644e+01   4.4190699e+01
   4.3719709e+01   4.7446079e+01   4.4535173e+01
   0.0000000e+00   4.5220097e+01   4.4945487e+01
   5.4721838e+00   5.0000000e+01   4.5575765e+01
   1.0954889e+01   4.5200945e+01   4.4571254e+01
   2.7054338e+01   4.4707002e+01   4.4526486e+01
   4.4251151e+01   5.0000000e+01   3.9445211e+01
   0.0000000e+00   5.0000000e+01   4.1355677e+01
   1.0141872e+01   5.0000000e+01   4.1043128e+01
   2.2922385e+01   5.0000000e+01   4.4830266e+01
   5.0000000e+01   5.0000000e+01   3.6404396e+01
   0.0000000e+00   0.0000000e+00   4.4516762e+01
   1.5890126e+01   0.0000000e+00   5.0000000e+01
   2.0139205e+01   0.0000000e+00   4.5327827e+01
   3.1055108e+01   0.0000000e+00   5.0000000e+01
   1.1488175e+01   5.4804279e+00   5.0000000e+01
   1.6069015e+01   5.7518722e+00   4.5581285e+01
   2.6798702e+01   0.0000000e+00   4.3690194e+01
   4.0353625e+01   5.7073200e+00   4.4292453e+01
   4.4836873e+01   5.7860632e+00   5.0000000e+01
   5.0000000e+01   0.0000000e+00   5.0000000e+01
   0.0000000e+00   9.2785737e+00   4.4872495e+01
   5.4213291e+00   4.9685411e+00   4.5459209e+01
   6.0066987e+00   8.8956127e+00   5.0000000e+01
   3.6645449e+01   4.8471085e+00   5.0000000e+01
   4.4493706e+01   1.4457049e+01   5.0000000e+01
   5.0000000e+01   1.8177657e+01   5.0000000e+01
   0.0000000e+00   1.5820000e+01   4.4247852e+01
   4.0015628e+01   1.4563761e+01   4.4319415e+01
   5.0000000e+01   2.2300295e+01   4.4435251e+01
   5.7016900e+00   1.8541270e+01   4.4641229e+01
   1.9407973e+01   1.7137550e+01   5.0000000e+01
   4.4829935e+01   2.6202424e+01   4.4537242e+01
   1.6066292e+01   2.7186706e+01   4.4216430e+01
   2.7887592e+01   2.2229849e+01   4.4857478e+01
   3.2550944e+01   2.2003380e+01   5.0000000e+01
   1.0964986e+01   2.7471971e+01   5.0000000e+01
   1.8490398e+01   3.3645323e+01   4.4814927e+01
   2.2928513e+01   2.7978735e+01   4.4188155e+01
   3.9088583e+01   2.5126370e+01   5.0000000e+01
   1.1169427e+01   3.1667143e+01   4.4614613e+01
   4.4262581e+01   2.9752819e+01   5.0000000e+01
   5.0000000e+01   3.0143945e+01   4.4234591e+01
   1.7800715e+01   4.3892324e+01   4.6027546e+01
   3.9036484e+01   3.8645824e+01   4.4475689e+01
   4.3601309e+01   3.7645852e+01   5.0000000e+01
   1.2500291e+01   4.2604912e+01   5.0000000e+01
   1.5784462e+01   5.0000000e+01   4.4092315e+01
   2.6473203e+01   3.9111260e+01   5.0000000e+01
   3.0784418e+01   4.4478373e+01   5.0000000e+01
   3.7959793e+01   5.0000000e+01   4.3363140e+01
   1.1434602e+01   5.0000000e+01   5.0000000e+01
   1.8654525e+01   5.0000000e+01   5.0000000e+01
   3.0891901e+01   5.0000000e+01   4.4599485e+01
   5.0000000e+01   5.0000000e+01   4.3087772e+01
   0.0000000e+00   0.0000000e+00   5.0000000e+01
   6.4646308e+00   0.0000000e+00   5.0000000e+01
   2.3799417e+01   0.0000000e+00   5.0000000e+01
   0.0000000e+00   5.6560883e+00   5.0000000e+01
   4.2380065e+01   0.0000000e+00   5.0000000e+01
   1.5456826e+01   1.1512493e+01   5.0000000e+01
   2.0198614e+01   6.1956416e+00   5.0000000e+01
   2.7239555e+01   5.8625944e+00   5.0000000e+01
   5.0000000e+01   1.0414260e+01   5.0000000e+01
   1.1384906e+01   1.7687353e+01   5.0000000e+01
   3.9447791e+01   1.0507064e+01   5.0000000e+01
   0.0000000e+00   1.2766067e+01   5.0000000e+01
   1.5312639e+01   2.2806933e+01   5.0000000e+01
   3.7751784e+01   1.7549121e+01   5.0000000e+01
   0.0000000e+00   1.9776572e+01   5.0000000e+01
   6.0310346e+00   2.3034043e+01   5.0000000e+01
   2.0999064e+01   2.5355143e+01   5.0000000e+01
   2.5313731e+01   1.9888799e+01   5.0000000e+01
   4.4282820e+01   2.1751513e+01   5.0000000e+01
   0.0000000e+00   2.7083704e+01   5.0000000e+01
   5.7041063e+00   3.1130188e+01   5.0000000e+01
   2.7378593e+01   2.6979519e+01   5.0000000e+01
   5.0000000e+01   2.5830275e+01   5.0000000e+01
   1.1813549e+01   3.5313041e+01   5.0000000e+01
   1.6642057e+01   3.0651471e+01   5.0000000e+01
   2.3052345e+01   3.2701621e+01   5.0000000e+01
   5.0000000e+01   3.3245209e+01   5.0000000e+01
   0.0000000e+00   3.7835585e+01   4.5009719e+01
   6.0548627e+00   3.8461774e+01   5.0000000e+01
   5.8629116e+00   4.5697674e+01   5.0000000e+01
   1.8337161e+01   3.8290404e+01   5.0000000e+01
   2.9981307e+01   3.3785105e+01   5.0000000e+01
   3.4043260e+01   2.9093121e+01   5.0000000e+01
   3.8655076e+01   3.3641853e+01   5.0000000e+01
   0.0000000e+00   3.4537737e+01   5.0000000e+01
   2.2733404e+01   4.4546741e+01   5.0000000e+01
   3.4386687e+01   3.8742386e+01   5.0000000e+01
   5.0000000e+01   3.9497922e+01   5.0000000e+01
   0.0000000e+00   4.2129687e+01   5.0000000e+01
   3.9277482e+01   4.3618470e+01   5.0000000e+01
   4.5760826e+01   4.4352853e+01   5.0000000e+01
   5.0000000e+01   5.0000000e+01   5.0000000e+01
   0.0000000e+00   5.0000000e+01   5.0000000e+01
   2.6933384e+01   5.0000000e+01   5.0000000e+01
   3.4979042e+01   5.0000000e+01   5.0000000e+01
   4.2154211e+01   5.0000000e+01   5.0000000e+01
