  1331 3 
  -1.9702261e-12  -1.0110272e-12  -4.0413444e-03
   8.8369630e-02   2.0888196e-13  -1.0253569e-12
   1.7708764e-01   2.1139947e-13   2.1037685e-13
   2.7408396e-01  -9.3012750e-13  -1.0402009e-12
   3.8496656e-01   1.9504580e-13  -1.1277949e-12
   4.8951782e-01   2.2096300e-13  -1.0219455e-12
   6.0252234e-01   2.0787495e-13  -1.0581666e-12
   7.1131818e-01   2.0358455e-13  -1.0183755e-12
   8.1699141e-01  -1.0099950e-12  -1.1391478e-12
   9.2276962e-01   1.3790575e-13   1.9856122e-13
   1.0000000e+00  -1.7738510e-12  -3.9347040e-03
   1.9994119e-13   8.7405422e-02  -9.1007757e-13
   9.8251809e-02   9.9066890e-02   2.1140555e-13
   2.2177343e-01   9.1906477e-02   2.1317019e-13
   3.2773816e-01   9.6437671e-02   0.0000000e+00
   4.4352061e-01   1.0304558e-01   2.1215018e-13
   5.4293905e-01   9.1819864e-02   1.8391408e-13
   5.9575750e-01   1.7502372e-01   1.4513781e-13
   6.6057723e-01   9.3700263e-02   2.0191617e-13
   7.7478538e-01   9.5711899e-02   1.9912631e-13
   8.7638178e-01   9.0128576e-02   1.3223277e-13
   1.0000000e+00   1.0646183e-01  -1.2358404e-12
   1.9502802e-13   1.7464956e-01  -9.7230557e-13
   9.2682871e-02   2.2301298e-01   2.2646815e-13
   1.7198153e-01   1.7751562e-01   0.0000000e+00
   2.7296283e-01   1.8803582e-01   1.7192628e-13
   3.8614159e-01   1.8929546e-01   0.0000000e+00
   5.0280304e-01   2.0218203e-01   1.7626308e-13
   6.4174901e-01   2.4961702e-01   0.0000000e+00
   7.1731611e-01   1.8615492e-01   1.8187405e-13
   8.1468320e-01   2.1426136e-01   0.0000000e+00
   9.1006467e-01   1.6697335e-01   1.6058682e-13
   1.0000000e+00   2.1611908e-01  -9.1599037e-13
  -1.1192679e-12   2.7859925e-01  -1.1153708e-12
   9.1668333e-02   3.1850780e-01   2.0921979e-13
   2.0922789e-01   2.7445881e-01   2.2646251e-13
   3.2053677e-01   2.8054103e-01   2.1278769e-13
   4.3813046e-01   2.7694108e-01   0.0000000e+00
   5.4916561e-01   3.0446415e-01   0.0000000e+00
   6.5051689e-01   3.4393779e-01   1.2586807e-13
   7.4603635e-01   3.1235050e-01   0.0000000e+00
   8.3803354e-01   3.1036579e-01   1.9928764e-13
   9.1875605e-01   2.7368809e-01   2.0157443e-13
   1.0000000e+00   3.3091089e-01  -9.9001189e-13
  -9.7055003e-13   3.8231017e-01   2.2344973e-13
   8.7423176e-02   4.3564640e-01   2.0932561e-13
   1.6958184e-01   3.7231213e-01   1.9713745e-13
   2.6098061e-01   3.7280255e-01   1.2876896e-13
   3.8134154e-01   3.6589634e-01   0.0000000e+00
   4.7963933e-01   3.8005214e-01   1.9544392e-13
   5.9470154e-01   4.1978989e-01   2.2423036e-13
   7.0893672e-01   4.2772798e-01   1.6529790e-13
   8.0623281e-01   4.2347390e-01   2.0339806e-13
   9.1119169e-01   3.8932596e-01   0.0000000e+00
   1.0000000e+00   4.4313909e-01  -9.4944278e-13
  -9.6474911e-13   4.8693002e-01  -9.4484490e-13
   1.0444823e-01   5.3181449e-01   1.6397734e-13
   2.0383314e-01   4.7632121e-01   0.0000000e+00
   3.2068188e-01   4.5265981e-01   1.5824581e-13
   4.0539184e-01   4.8099907e-01   1.8540941e-13
   5.0586151e-01   4.6772890e-01   0.0000000e+00
   5.8071590e-01   5.3503701e-01   1.4854090e-13
   6.7055065e-01   5.1718762e-01   0.0000000e+00
   7.7874679e-01   5.2427858e-01   2.2715814e-13
   8.8906717e-01   4.9822379e-01   2.1749703e-13
   1.0000000e+00   5.4456783e-01   2.2105711e-13
   1.9631519e-13   5.8827889e-01  -9.3735783e-13
   9.3939034e-02   6.3574175e-01   1.8954499e-13
   1.9226651e-01   5.9151384e-01   2.1869876e-13
   2.8966153e-01   5.4007628e-01   1.7513291e-13
   3.7598632e-01   5.9504732e-01   0.0000000e+00
   4.7388219e-01   5.7236808e-01   0.0000000e+00
   5.7567915e-01   6.3088970e-01   0.0000000e+00
   6.8732198e-01   6.1320283e-01   1.8911955e-13
   8.0241764e-01   6.2215946e-01   0.0000000e+00
   9.0407813e-01   5.9827762e-01   0.0000000e+00
   1.0000000e+00   6.4838059e-01   1.8054482e-13
   2.1279506e-13   6.9043858e-01   2.1991783e-13
   1.0099962e-01   7.3837924e-01   2.1520242e-13
   1.9019245e-01   6.9868596e-01   2.0285206e-13
   2.8177902e-01   6.4984727e-01   1.7293632e-13
   3.7248725e-01   7.0784710e-01   0.0000000e+00
   4.6522653e-01   6.7696860e-01   1.2690673e-13
   5.4677436e-01   7.2943615e-01   1.1232443e-13
   6.5074018e-01   7.1509797e-01   2.2292801e-13
   7.5950067e-01   7.0734127e-01   2.2134941e-13
   8.8387861e-01   7.0184481e-01   0.0000000e+00
   1.0000000e+00   7.3422030e-01   1.4293471e-13
   2.2661257e-13   7.8749596e-01  -1.0471944e-12
   9.7003211e-02   8.3184827e-01   0.0000000e+00
   1.9725305e-01   8.1686101e-01   1.1553952e-13
   2.8005225e-01   7.6231021e-01   0.0000000e+00
   3.6574119e-01   8.1747213e-01   2.0681503e-13
   4.6110366e-01   7.9397724e-01   0.0000000e+00
   5.8333529e-01   8.1768133e-01   2.2624611e-13
   6.9361606e-01   8.0203137e-01   2.0939717e-13
   8.0313369e-01   7.9671116e-01   0.0000000e+00
   9.0365933e-01   8.0647871e-01   0.0000000e+00
   1.0000000e+00   8.2086715e-01   1.2205731e-13
  -1.2266299e-12   8.9937889e-01  -1.0624956e-12
   8.3913475e-02   9.2281690e-01   1.5740360e-13
   1.8912824e-01   9.1154195e-01   0.0000000e+00
   2.9494709e-01   8.9161888e-01   0.0000000e+00
   4.1464292e-01   9.0421556e-01   1.6161898e-13
   5.1490664e-01   9.0026550e-01   2.0064376e-13
   6.2961309e-01   9.0521068e-01   1.9524573e-13
   7.3143810e-01   8.9780847e-01   0.0000000e+00
   8.2758677e-01   9.0063137e-01   0.0000000e+00
   9.1796685e-01   9.1422383e-01   1.3922761e-13
   1.0000000e+00   9.0821478e-01   1.9953527e-13
  -4.0270311e-03   1.0000000e+00  -1.2035451e-12
   1.0113366e-01   1.0000000e+00   1.3692433e-13
   1.9113516e-01   1.0000000e+00   1.5283521e-13
   2.7743216e-01   1.0000000e+00   2.2395714e-13
   3.6748485e-01   1.0000000e+00  -9.9628378e-13
   4.7438185e-01   1.0000000e+00   2.1667694e-13
   5.7588874e-01   1.0000000e+00   2.0658128e-13
   6.8278933e-01   1.0000000e+00   1.9711750e-13
   7.8490068e-01   1.0000000e+00   1.5780823e-13
   8.8638225e-01   1.0000000e+00  -9.1616211e-13
   1.0027394e+00   1.0000000e+00  -2.1042178e-12
  -9.1364763e-13   2.1825727e-13   9.0638599e-02
   9.4258466e-02   2.2280745e-13   8.9832559e-02
   2.0253816e-01   0.0000000e+00   1.0406148e-01
   3.1048720e-01   0.0000000e+00   7.7850933e-02
   4.3253476e-01   0.0000000e+00   9.0234236e-02
   5.4801298e-01   0.0000000e+00   8.4186854e-02
   6.1989728e-01   1.5124620e-13   1.7945046e-01
   6.6219880e-01   2.2290329e-13   8.9157844e-02
   7.7653389e-01   0.0000000e+00   8.6351274e-02
   8.8514231e-01   1.9045789e-13   8.5983748e-02
   1.0000000e+00  -1.2071550e-12   1.0587763e-01
   0.0000000e+00   9.8471531e-02   9.4768356e-02
   7.9005865e-02   8.6997346e-02   1.4310421e-01
   1.6290567e-01   8.8383178e-02   8.1970516e-02
   2.7114940e-01   9.4133255e-02   1.0655407e-01
   3.8149499e-01   8.9565921e-02   8.2960358e-02
   4.8767027e-01   9.5599011e-02   1.0576782e-01
   5.9990695e-01   9.0667903e-02   9.5347010e-02
   7.1577197e-01   9.3547769e-02   9.4737725e-02
   8.1453067e-01   8.4490818e-02   1.2870177e-01
   9.0591947e-01   1.0680985e-01   1.0843433e-01
   1.0000000e+00   7.5159573e-02   7.7934328e-02
   0.0000000e+00   2.1748540e-01   8.7278661e-02
   9.1975822e-02   1.6962830e-01   8.4306643e-02
   2.0355857e-01   1.8846154e-01   1.0409759e-01
   3.2489636e-01   1.8839918e-01   8.8228420e-02
   4.3847683e-01   1.9081967e-01   9.6145635e-02
   5.3969700e-01   1.9011868e-01   1.0472327e-01
   6.5466090e-01   1.8044500e-01   1.0052745e-01
   7.4343861e-01   1.8431860e-01   1.6035505e-01
   8.0604155e-01   1.6657519e-01   7.4171534e-02
   9.0065566e-01   2.1893091e-01   9.4708874e-02
   1.0000000e+00   1.7510119e-01   9.7628095e-02
   0.0000000e+00   3.2139118e-01   9.0535347e-02
   8.3393014e-02   2.6584625e-01   1.2993753e-01
   1.5820760e-01   2.7717559e-01   7.9111710e-02
   2.7261285e-01   2.8176913e-01   1.0351887e-01
   3.8422582e-01   2.8198340e-01   9.1889304e-02
   4.8715457e-01   3.0354038e-01   9.4029732e-02
   5.9571756e-01   2.7521530e-01   9.3707433e-02
   7.1564559e-01   2.6795411e-01   7.8802967e-02
   8.0218614e-01   2.7330756e-01   1.1328605e-01
   9.0776097e-01   3.2881834e-01   1.0247643e-01
   1.0000000e+00   2.7663377e-01   9.3884314e-02
   0.0000000e+00   4.3193127e-01   9.8217050e-02
   8.8005923e-02   3.7134315e-01   9.3469700e-02
   2.0077670e-01   3.6905318e-01   1.1540010e-01
   3.2037366e-01   3.7260932e-01   8.6566372e-02
   4.2308639e-01   4.0919848e-01   9.6406267e-02
   5.4722489e-01   3.8703449e-01   9.2080599e-02
   6.4284138e-01   3.6424819e-01   1.1266035e-01
   7.2652774e-01   3.8443789e-01   9.5863513e-02
   8.2004473e-01   3.7058833e-01   7.8635161e-02
   9.0664247e-01   4.3880496e-01   9.0327466e-02
   1.0000000e+00   3.8330441e-01   9.0300151e-02
   0.0000000e+00   5.3776051e-01   8.9321002e-02
   8.5688385e-02   4.9671979e-01   1.1089584e-01
   1.5622470e-01   4.4841618e-01   8.1913322e-02
   2.6441700e-01   4.6711638e-01   9.3748674e-02
   3.4310389e-01   4.7511682e-01   1.3645225e-01
   5.0375497e-01   4.8396508e-01   8.3560630e-02
   6.2770466e-01   4.6543761e-01   9.2135022e-02
   7.2044957e-01   5.0924641e-01   9.3526935e-02
   8.1086096e-01   4.7190124e-01   1.1491237e-01
   9.1318183e-01   5.4273264e-01   9.8068845e-02
   1.0000000e+00   4.9756983e-01   9.1315120e-02
   1.6809470e-13   6.4482284e-01   9.7808656e-02
   1.0112171e-01   5.9129936e-01   9.9683515e-02
   1.9550640e-01   5.4840315e-01   9.0594184e-02
   3.0658403e-01   5.8350965e-01   9.4839814e-02
   4.1040484e-01   5.3384068e-01   8.9653407e-02
   5.1704172e-01   6.0112220e-01   8.4805228e-02
   6.2732880e-01   5.7646306e-01   9.8073181e-02
   7.2927352e-01   6.2597501e-01   9.4733629e-02
   8.2123494e-01   5.6916439e-01   8.3426624e-02
   9.1328516e-01   6.4939168e-01   9.7859889e-02
   1.0000000e+00   6.1105747e-01   9.4179365e-02
   1.3787886e-13   7.3560276e-01   1.0306811e-01
   1.0973877e-01   6.9591179e-01   9.7596366e-02
   2.0927323e-01   6.4606467e-01   1.0512637e-01
   3.0312075e-01   6.9893124e-01   9.8000363e-02
   4.0393181e-01   6.4024051e-01   9.3571793e-02
   5.0373992e-01   7.0709106e-01   1.1298238e-01
   6.1247836e-01   6.7371819e-01   9.1128913e-02
   7.1029472e-01   7.2656161e-01   9.7660968e-02
   8.1616145e-01   6.9345377e-01   9.1998984e-02
   9.0795883e-01   7.5890956e-01   8.4090688e-02
   1.0000000e+00   7.1660182e-01   1.0728336e-01
   1.4494525e-13   8.3809365e-01   7.9431193e-02
   9.9976931e-02   7.9909927e-01   9.5783788e-02
   2.0165155e-01   7.5226942e-01   9.1453559e-02
   2.8815716e-01   8.1357422e-01   8.5491319e-02
   4.0024776e-01   7.4823385e-01   9.2352935e-02
   4.9595310e-01   8.1020360e-01   8.0789714e-02
   6.0770336e-01   7.8258788e-01   9.6325751e-02
   6.8914935e-01   8.3638164e-01   9.1986385e-02
   7.9977960e-01   7.9373142e-01   1.2370018e-01
   8.8686902e-01   8.5459289e-01   8.5055656e-02
   1.0000000e+00   8.1502583e-01   1.1178706e-01
   1.6031404e-13   9.1687528e-01   1.0983502e-01
   1.2271691e-01   8.9909118e-01   8.9851234e-02
   2.2834243e-01   9.0552008e-01   9.0860463e-02
   3.4604413e-01   9.1919474e-01   8.5573830e-02
   3.8634324e-01   8.4030978e-01   1.1013194e-01
   4.6236685e-01   9.0737717e-01   1.0846998e-01
   5.7113142e-01   8.9547403e-01   9.2009040e-02
   6.8455310e-01   9.2823308e-01   9.7448457e-02
   7.9153708e-01   8.9839750e-01   8.9348658e-02
   9.1615894e-01   9.2093688e-01   1.3773139e-01
   1.0000000e+00   9.0421144e-01   9.7697755e-02
   2.2111783e-13   1.0000000e+00   7.9104523e-02
   8.7262553e-02   1.0000000e+00   1.1095534e-01
   1.7571887e-01   1.0000000e+00   1.0331562e-01
   2.8701881e-01   1.0000000e+00   9.1771887e-02
   4.1267635e-01   1.0000000e+00   8.8775473e-02
   5.2071791e-01   1.0000000e+00   1.0051242e-01
   6.2103236e-01   1.0000000e+00   9.7723962e-02
   7.3602279e-01   1.0000000e+00   1.0365843e-01
   8.2691921e-01   1.0000000e+00   1.1006560e-01
   9.1341085e-01   1.0000000e+00   9.0552668e-02
   1.0000000e+00   1.0000000e+00   8.6780898e-02
   1.4197671e-13   2.1748228e-13   1.7830332e-01
   1.1261636e-01   0.0000000e+00   1.8863934e-01
   2.4051132e-01   2.1280156e-13   1.8960025e-01
   3.3047639e-01   1.3952424e-13   1.5657438e-01
   4.1801347e-01   1.9096790e-13   1.8736518e-01
   5.1740233e-01   0.0000000e+00   1.7083203e-01
   5.5488854e-01   2.0782811e-13   2.6299794e-01
   7.2848030e-01   1.5677997e-13   1.7666122e-01
   8.2570876e-01   0.0000000e+00   1.9260916e-01
   9.2111595e-01   1.2080007e-13   1.7069018e-01
   1.0000000e+00  -1.0625095e-12   2.1530607e-01
   0.0000000e+00   9.0718147e-02   2.1636333e-01
   9.9091426e-02   9.8714641e-02   2.4705405e-01
   1.8732349e-01   9.8299648e-02   1.8458038e-01
   2.8732087e-01   9.1704955e-02   2.2541511e-01
   3.7552450e-01   1.1346950e-01   1.6896270e-01
   4.7335912e-01   8.0375347e-02   2.1142771e-01
   5.6818157e-01   1.0654127e-01   1.9541003e-01
   6.6777323e-01   1.0711008e-01   1.9477841e-01
   7.6559751e-01   9.3020402e-02   2.2614847e-01
   8.8095574e-01   8.7698090e-02   2.2982626e-01
   1.0000000e+00   1.0205076e-01   1.7766188e-01
   1.4678623e-13   1.7581898e-01   1.6955451e-01
   1.1474852e-01   1.8643102e-01   1.8844814e-01
   2.0017831e-01   1.9704519e-01   2.5098220e-01
   2.7248750e-01   1.8541745e-01   1.7721671e-01
   3.7730877e-01   2.1463123e-01   1.9306367e-01
   4.7926422e-01   1.7186448e-01   2.0801851e-01
   5.9472135e-01   2.1119197e-01   1.9393603e-01
   7.0162306e-01   2.0251995e-01   2.5084220e-01
   8.3712683e-01   1.8553340e-01   1.8507519e-01
   9.2629797e-01   1.6644786e-01   2.0107595e-01
   1.0000000e+00   2.3021585e-01   1.9168564e-01
   2.1821650e-13   2.7465965e-01   1.9624406e-01
   1.1157369e-01   3.3680000e-01   2.0098538e-01
   1.9327535e-01   2.7967038e-01   1.8375073e-01
   2.8777509e-01   2.8575277e-01   2.2094476e-01
   3.8771908e-01   3.3106900e-01   1.7202795e-01
   4.7847031e-01   2.6882647e-01   1.8001291e-01
   5.7114217e-01   3.1862334e-01   1.9381443e-01
   6.8630240e-01   2.7742489e-01   1.7494837e-01
   7.8822258e-01   2.7827476e-01   2.3220772e-01
   8.9662527e-01   2.8026213e-01   1.8905741e-01
   1.0000000e+00   3.3127014e-01   1.8962519e-01
   1.9593875e-13   3.6723135e-01   1.8489588e-01
   9.2886795e-02   4.2688766e-01   1.8747027e-01
   1.9658274e-01   3.9378325e-01   2.3731876e-01
   2.7955838e-01   3.8313596e-01   1.7860023e-01
   3.8591361e-01   4.0931623e-01   2.2162607e-01
   4.9277990e-01   3.9516054e-01   1.7509275e-01
   5.9788832e-01   4.3205105e-01   2.0008039e-01
   6.8624402e-01   3.5694356e-01   2.1817193e-01
   8.0401607e-01   3.6625976e-01   1.7665938e-01
   9.0088972e-01   3.9876429e-01   1.9353150e-01
   1.0000000e+00   4.4126666e-01   1.7320116e-01
   0.0000000e+00   4.8662162e-01   1.9562243e-01
   9.1440719e-02   5.4391254e-01   2.1556116e-01
   1.8734546e-01   4.7612985e-01   1.7972847e-01
   2.9623082e-01   4.7270724e-01   2.4020012e-01
   4.3969692e-01   4.9558133e-01   1.8753398e-01
   5.4255924e-01   5.1126991e-01   1.5253265e-01
   6.4305075e-01   5.3469985e-01   1.9081842e-01
   7.1258968e-01   4.4753615e-01   1.8362724e-01
   8.1738553e-01   4.8718290e-01   2.2184416e-01
   9.0273064e-01   4.9858944e-01   1.9168133e-01
   1.0000000e+00   4.9806178e-01   2.5659559e-01
   2.1833230e-13   5.8685723e-01   1.7962633e-01
   8.7923906e-02   6.5473974e-01   1.8420669e-01
   1.7066272e-01   6.0012042e-01   1.9977589e-01
   2.5952735e-01   5.5194710e-01   1.8517883e-01
   3.6290075e-01   5.7329922e-01   1.9597634e-01
   4.6432257e-01   6.0478640e-01   1.7145125e-01
   5.6529923e-01   6.2649186e-01   1.9047990e-01
   7.4276379e-01   5.6785060e-01   1.8482568e-01
   8.3423510e-01   6.0355258e-01   1.6865681e-01
   9.2029577e-01   6.0140032e-01   2.0598256e-01
   1.0000000e+00   5.6015815e-01   1.8039149e-01
   0.0000000e+00   7.0488307e-01   2.0649717e-01
   9.0853595e-02   7.6621014e-01   1.9313909e-01
   1.9705124e-01   7.1693464e-01   2.0083314e-01
   2.8429842e-01   6.5120855e-01   1.9549927e-01
   3.8794042e-01   6.9619333e-01   1.8602013e-01
   4.8472392e-01   7.0157247e-01   2.2387654e-01
   5.9585135e-01   7.2781455e-01   1.8675877e-01
   6.7439641e-01   6.5178817e-01   1.8845750e-01
   7.7646133e-01   6.8638464e-01   1.9942640e-01
   8.8926307e-01   7.2021148e-01   1.7740148e-01
   1.0000000e+00   6.7083156e-01   1.9929806e-01
   0.0000000e+00   8.1280839e-01   1.7281840e-01
   1.4331840e-01   8.1161205e-01   2.5507529e-01
   1.9542360e-01   8.2187580e-01   1.5628707e-01
   3.0941233e-01   7.7441236e-01   1.8064891e-01
   4.3217896e-01   8.0693848e-01   1.9183937e-01
   5.3284870e-01   8.1024425e-01   1.7172170e-01
   6.2798505e-01   8.1732217e-01   2.3535705e-01
   7.0226636e-01   7.7421171e-01   1.8371267e-01
   8.0481567e-01   7.9070158e-01   2.3364509e-01
   9.0711888e-01   8.1917914e-01   1.8808856e-01
   1.0000000e+00   7.7230899e-01   2.1412410e-01
   0.0000000e+00   9.0811023e-01   2.1773126e-01
   8.7694987e-02   8.8505117e-01   1.7207184e-01
   1.8114733e-01   9.1337227e-01   1.9925994e-01
   2.9292818e-01   8.8943405e-01   1.7370255e-01
   3.9107392e-01   9.0983963e-01   2.0694185e-01
   5.0650051e-01   9.0621750e-01   2.0091450e-01
   6.1844613e-01   8.9663217e-01   1.7261547e-01
   7.3128767e-01   8.8111163e-01   1.8892612e-01
   8.2705639e-01   8.9761586e-01   1.8468310e-01
   9.1097734e-01   9.2435494e-01   2.5082983e-01
   1.0000000e+00   8.8575006e-01   2.0986548e-01
   1.8737832e-13   1.0000000e+00   1.8242102e-01
   1.0857376e-01   1.0000000e+00   2.1088559e-01
   2.3415475e-01   1.0000000e+00   1.8097389e-01
   3.1610937e-01   1.0000000e+00   2.5246067e-01
   3.5252352e-01   1.0000000e+00   1.7022107e-01
   4.5950467e-01   1.0000000e+00   1.9100850e-01
   5.7314425e-01   1.0000000e+00   1.9833168e-01
   6.7903320e-01   1.0000000e+00   1.9703147e-01
   7.7958604e-01   1.0000000e+00   2.1330836e-01
   8.8704024e-01   1.0000000e+00   2.0857112e-01
   1.0000000e+00   1.0000000e+00   1.7983072e-01
   2.2289722e-13   2.1431511e-13   2.7552709e-01
   8.6616283e-02   0.0000000e+00   3.0287971e-01
   1.7476408e-01   1.4422231e-13   2.5973114e-01
   2.6798183e-01   1.9278633e-13   3.0510824e-01
   3.4490102e-01   2.1572848e-13   2.5713127e-01
   4.5846540e-01   2.0550272e-13   2.8559841e-01
   5.9146587e-01   1.3545415e-13   3.5035671e-01
   6.8177471e-01   2.1152004e-13   2.6375877e-01
   7.8643610e-01   0.0000000e+00   2.9044125e-01
   9.0089953e-01   1.5816818e-13   2.7888064e-01
   1.0000000e+00  -1.0284976e-12   3.2088939e-01
   2.1624629e-13   1.0213771e-01   3.2030197e-01
   9.3515007e-02   7.9733400e-02   3.4689863e-01
   2.0690668e-01   1.0281801e-01   2.9839160e-01
   3.1808483e-01   9.3806025e-02   3.3445199e-01
   3.9551043e-01   9.8305927e-02   2.6962958e-01
   5.1496430e-01   1.0390455e-01   3.0704034e-01
   6.2395709e-01   7.4602729e-02   2.8674900e-01
   7.1433771e-01   1.0669282e-01   3.1323719e-01
   8.1893569e-01   7.7094538e-02   3.3769584e-01
   9.0638174e-01   1.2505435e-01   3.2233938e-01
   1.0000000e+00   8.4557170e-02   2.7104894e-01
   1.5027866e-13   1.9335697e-01   2.6741212e-01
   1.0581078e-01   1.7543254e-01   3.1319434e-01
   2.1378398e-01   2.0671272e-01   3.5606502e-01
   3.0833793e-01   1.8914293e-01   2.8174978e-01
   4.1855358e-01   1.8739307e-01   3.0623672e-01
   5.1424483e-01   2.4262682e-01   2.7894826e-01
   6.0328929e-01   1.7305802e-01   2.9268656e-01
   7.0453381e-01   2.0782083e-01   3.5317687e-01
   8.0557620e-01   1.7640918e-01   2.8290904e-01
   9.0021805e-01   2.2934627e-01   2.9014390e-01
   1.0000000e+00   1.7928189e-01   2.7550769e-01
   1.8765631e-13   3.0943337e-01   2.9725221e-01
   9.3846776e-02   2.5910174e-01   2.5531995e-01
   1.9526228e-01   3.0266799e-01   2.9591549e-01
   2.9946366e-01   2.8399432e-01   3.3871116e-01
   3.8671318e-01   2.8984459e-01   2.6801111e-01
   4.7475369e-01   3.4217972e-01   2.6849967e-01
   6.2289044e-01   2.7856051e-01   2.8659976e-01
   7.1849176e-01   3.1269304e-01   3.0955338e-01
   8.0837451e-01   2.7013428e-01   3.4427978e-01
   8.8738449e-01   3.3444594e-01   2.7183324e-01
   1.0000000e+00   2.8847713e-01   2.9684568e-01
   1.9535675e-13   4.1362954e-01   2.6615498e-01
   9.6209265e-02   3.6925920e-01   3.0398186e-01
   1.9805323e-01   4.0836909e-01   3.4149195e-01
   2.9562956e-01   3.7336944e-01   2.9072469e-01
   3.9291642e-01   3.9421351e-01   3.2735973e-01
   4.9144384e-01   4.4975737e-01   2.6824992e-01
   5.8339920e-01   3.7948232e-01   2.8635720e-01
   6.9250497e-01   4.2150583e-01   3.0702122e-01
   7.9014879e-01   3.9790976e-01   2.6146946e-01
   9.0032014e-01   4.3500163e-01   3.0351325e-01
   1.0000000e+00   3.9040954e-01   2.6982789e-01
   1.0684270e-13   5.1965436e-01   3.0256639e-01
   1.0472097e-01   4.6670881e-01   2.8018965e-01
   1.9881351e-01   5.1116849e-01   2.7632645e-01
   2.9109033e-01   4.7115862e-01   3.5290868e-01
   3.9064410e-01   5.0349820e-01   2.9256253e-01
   5.3766853e-01   5.3666817e-01   2.4502152e-01
   6.0336302e-01   4.9328649e-01   2.9701737e-01
   7.1922327e-01   5.1436218e-01   2.7009593e-01
   7.9954577e-01   4.8496278e-01   3.3866731e-01
   9.0184516e-01   5.3890708e-01   2.9598593e-01
   1.0000000e+00   4.8291769e-01   3.4558963e-01
   1.1234958e-13   6.1666929e-01   2.6764189e-01
   1.0582853e-01   5.8294068e-01   3.1359240e-01
   2.1268862e-01   6.2748325e-01   2.8599009e-01
   2.9986577e-01   5.7355954e-01   2.9869956e-01
   4.5119573e-01   5.8876103e-01   2.7050187e-01
   5.3738726e-01   6.2098995e-01   3.1141373e-01
   6.3663902e-01   6.0065065e-01   2.7919770e-01
   7.2520697e-01   6.2850240e-01   3.0529779e-01
   8.1349796e-01   5.8858767e-01   2.7112594e-01
   9.0340381e-01   6.3500430e-01   3.4123383e-01
   1.0000000e+00   6.0162310e-01   2.9138603e-01
   1.9537627e-13   7.1480905e-01   3.1522565e-01
   1.0482205e-01   6.8484209e-01   2.7115537e-01
   1.9370988e-01   7.2405223e-01   3.2022770e-01
   2.9669606e-01   7.1736337e-01   2.7204621e-01
   3.7480187e-01   6.5108334e-01   2.7789395e-01
   4.6962618e-01   6.9418111e-01   3.3053413e-01
   5.8072960e-01   7.0930190e-01   2.8382684e-01
   6.8654457e-01   7.1907673e-01   2.7369193e-01
   8.0307651e-01   7.0248358e-01   3.0661684e-01
   8.9155133e-01   6.7221304e-01   2.5625658e-01
   1.0000000e+00   7.0621863e-01   3.0758909e-01
   1.5911491e-13   8.0865406e-01   2.6668502e-01
   8.8197416e-02   7.8827578e-01   3.2292748e-01
   2.3898797e-01   8.1771672e-01   2.6221157e-01
   3.4417441e-01   8.3298725e-01   2.7290926e-01
   4.0598017e-01   7.6725302e-01   2.8306140e-01
   5.1941814e-01   7.9898026e-01   2.7311874e-01
   6.1321092e-01   7.9572796e-01   3.4198412e-01
   7.1723325e-01   8.1845692e-01   2.9870777e-01
   8.0681480e-01   7.9809684e-01   3.5021209e-01
   9.0664453e-01   7.5982666e-01   2.9059461e-01
   1.0000000e+00   8.1879493e-01   3.1296676e-01
   0.0000000e+00   9.0443625e-01   3.2574887e-01
   8.6963127e-02   9.0170103e-01   2.7328054e-01
   1.8194680e-01   9.0829827e-01   3.1571320e-01
   2.7882878e-01   9.1698781e-01   2.6180367e-01
   3.7588877e-01   9.2018531e-01   3.3490715e-01
   4.5242908e-01   8.8476477e-01   2.9483616e-01
   5.7229558e-01   9.0110788e-01   2.7643003e-01
   6.8394447e-01   9.1626900e-01   2.6450291e-01
   7.9702892e-01   9.0312412e-01   2.8250116e-01
   8.8756952e-01   8.5216396e-01   2.9313314e-01
   1.0000000e+00   9.0899096e-01   3.1587394e-01
   1.6149929e-13   1.0000000e+00   2.7700686e-01
   9.3786203e-02   1.0000000e+00   3.2170513e-01
   1.9598236e-01   1.0000000e+00   2.7450472e-01
   2.8595617e-01   1.0000000e+00   3.4134996e-01
   4.0618031e-01   1.0000000e+00   2.8514920e-01
   5.1212999e-01   1.0000000e+00   2.8808155e-01
   6.2212665e-01   1.0000000e+00   2.9754204e-01
   7.2762775e-01   1.0000000e+00   3.0963518e-01
   8.2973633e-01   1.0000000e+00   3.1954298e-01
   9.1664751e-01   1.0000000e+00   3.2021488e-01
   1.0000000e+00   1.0000000e+00   2.6878868e-01
   1.9129099e-13   1.3957672e-13   3.8017076e-01
   1.0538297e-01   0.0000000e+00   4.1897856e-01
   1.8925895e-01   1.8611024e-13   3.6399662e-01
   2.9844689e-01   0.0000000e+00   4.0802469e-01
   3.8133957e-01   1.8439330e-13   3.5189829e-01
   4.9589947e-01   2.1582605e-13   3.7678125e-01
   6.0598533e-01   1.7833261e-13   4.3780823e-01
   6.9653808e-01   1.8654522e-13   3.6344098e-01
   7.9637198e-01   0.0000000e+00   4.0486524e-01
   8.9663961e-01   1.0324163e-13   3.6849715e-01
   1.0000000e+00  -1.0491495e-12   4.1618523e-01
   0.0000000e+00   1.1556910e-01   4.1714928e-01
   7.2836881e-02   7.8122440e-02   4.5124453e-01
   1.7230937e-01   1.0414550e-01   3.9583878e-01
   2.5687080e-01   9.8096748e-02   4.0976366e-01
   4.2692501e-01   9.9623671e-02   3.7637854e-01
   5.2481757e-01   8.6668367e-02   4.2052209e-01
   6.1422227e-01   1.2149942e-01   3.8473257e-01
   7.1630356e-01   9.3233412e-02   4.1275018e-01
   8.0251092e-01   1.6385900e-01   3.9023358e-01
   9.0245612e-01   1.1123320e-01   4.2355297e-01
   1.0000000e+00   1.0040630e-01   3.7291141e-01
   1.0082126e-13   2.1408021e-01   3.6139235e-01
   1.1148708e-01   1.8169728e-01   4.1557878e-01
   2.3226249e-01   1.9642525e-01   4.5306057e-01
   3.3143249e-01   1.8587416e-01   3.8686958e-01
   4.1793993e-01   2.7746759e-01   3.6231334e-01
   5.0982849e-01   1.9056226e-01   3.7101454e-01
   6.0408323e-01   2.3556217e-01   3.9510275e-01
   6.9359939e-01   1.8702429e-01   4.5218072e-01
   8.0045574e-01   2.4627319e-01   4.4804737e-01
   9.0176221e-01   2.1907187e-01   4.0380880e-01
   1.0000000e+00   1.9920935e-01   3.6650688e-01
   1.3529716e-13   3.1710917e-01   4.0131035e-01
   1.0555942e-01   2.7569690e-01   3.5798680e-01
   2.1074636e-01   3.0919627e-01   4.1133940e-01
   3.2418335e-01   2.7888980e-01   4.3781023e-01
   4.2199698e-01   3.5779020e-01   4.2164351e-01
   5.2601266e-01   3.0919891e-01   3.6007418e-01
   6.3102302e-01   3.4563217e-01   3.7881921e-01
   7.1095595e-01   3.0100215e-01   4.1969745e-01
   8.0933838e-01   3.4642963e-01   4.4350722e-01
   9.0621010e-01   3.2228396e-01   3.6702369e-01
   1.0000000e+00   2.8537934e-01   4.1570524e-01
   1.4681225e-13   4.1729018e-01   3.5879082e-01
   1.0391020e-01   3.7419170e-01   4.1149688e-01
   1.9983210e-01   4.2252810e-01   4.3609755e-01
   3.0792268e-01   3.8129203e-01   4.0534795e-01
   4.6676257e-01   4.4875726e-01   4.5992069e-01
   5.0091071e-01   4.1636836e-01   3.6306698e-01
   6.0682900e-01   4.4673464e-01   3.8228463e-01
   7.1982374e-01   4.2134883e-01   4.1187493e-01
   8.0531491e-01   3.7842727e-01   3.5228942e-01
   9.0929854e-01   4.1863063e-01   4.1343221e-01
   1.0000000e+00   3.8172566e-01   3.6800798e-01
   1.8548487e-13   5.1850921e-01   4.1146973e-01
   1.0032258e-01   4.7678090e-01   3.7420060e-01
   1.9894797e-01   5.2816512e-01   3.6521368e-01
   2.8888012e-01   4.7201617e-01   4.7628480e-01
   3.8851891e-01   4.7766218e-01   3.9970321e-01
   4.9511826e-01   5.2025106e-01   3.5680642e-01
   5.9348988e-01   5.6520628e-01   3.8752658e-01
   6.9522054e-01   5.3141693e-01   3.6360461e-01
   8.2540260e-01   4.4545147e-01   4.4851625e-01
   8.9335102e-01   5.2339108e-01   3.9202347e-01
   1.0000000e+00   4.7963895e-01   4.4492686e-01
   1.5605442e-13   6.1693434e-01   3.6832286e-01
   9.6101078e-02   5.7960289e-01   4.2228946e-01
   1.9326996e-01   6.2741079e-01   3.9384318e-01
   2.9644700e-01   5.6364364e-01   4.1752653e-01
   3.9932791e-01   5.9053817e-01   3.6883193e-01
   4.8580255e-01   5.5629251e-01   4.5045418e-01
   6.2930380e-01   6.6698947e-01   3.7105517e-01
   7.0226465e-01   6.2238101e-01   4.3051888e-01
   8.0504476e-01   5.9305359e-01   3.7543069e-01
   9.0313928e-01   6.2273047e-01   4.4415149e-01
   1.0000000e+00   5.7159357e-01   3.8970474e-01
   1.8129855e-13   7.1612580e-01   4.2196934e-01
   9.9410206e-02   6.8467201e-01   3.7462209e-01
   2.0590907e-01   7.2546395e-01   4.3187010e-01
   2.9184346e-01   6.6045825e-01   3.7249400e-01
   3.7757214e-01   7.1126510e-01   3.7059123e-01
   4.9922463e-01   6.3717510e-01   4.1487739e-01
   5.5419601e-01   7.2233426e-01   4.0271518e-01
   7.0977705e-01   7.2760208e-01   3.7742941e-01
   8.0468361e-01   6.8585916e-01   4.0801260e-01
   8.9979501e-01   7.2541377e-01   3.8955421e-01
   1.0000000e+00   6.6498270e-01   4.0264673e-01
   2.1662533e-13   8.1350166e-01   3.7672967e-01
   9.8685408e-02   7.8528288e-01   4.3034597e-01
   1.8559069e-01   8.1883370e-01   3.7128920e-01
   2.8936481e-01   7.7494869e-01   3.5742583e-01
   3.8539633e-01   8.2141691e-01   3.8757771e-01
   4.8858006e-01   7.9953390e-01   3.6681375e-01
   6.0251095e-01   8.1730382e-01   4.4022358e-01
   7.1101383e-01   8.1199229e-01   4.1972557e-01
   8.2015941e-01   7.9940753e-01   4.4933065e-01
   9.1533415e-01   8.2411235e-01   3.9668100e-01
   1.0000000e+00   7.7005511e-01   4.0595851e-01
   2.0983866e-13   9.0997660e-01   4.3105912e-01
   9.6539029e-02   8.9431117e-01   3.8174151e-01
   1.9683933e-01   9.1227520e-01   4.3543160e-01
   2.7906728e-01   8.8927069e-01   3.6361217e-01
   4.4749779e-01   9.0449324e-01   4.3238689e-01
   5.2994391e-01   8.9359099e-01   3.6491308e-01
   6.3975559e-01   8.9886338e-01   3.6229462e-01
   7.3957871e-01   9.0409880e-01   3.7004539e-01
   8.3004962e-01   9.0262279e-01   3.9348688e-01
   9.1401988e-01   9.2231577e-01   3.7514204e-01
   1.0000000e+00   8.9097405e-01   4.2187149e-01
   1.9886306e-13   1.0000000e+00   3.8029659e-01
   9.8060769e-02   1.0000000e+00   4.3390061e-01
   1.8201501e-01   1.0000000e+00   3.8115825e-01
   2.7111624e-01   1.0000000e+00   4.3823015e-01
   3.7255675e-01   1.0000000e+00   4.0133879e-01
   4.6765319e-01   1.0000000e+00   3.7918269e-01
   5.7298330e-01   1.0000000e+00   3.8716287e-01
   6.7622572e-01   1.0000000e+00   4.0370116e-01
   7.8010136e-01   1.0000000e+00   4.1711686e-01
   8.9157346e-01   1.0000000e+00   4.3271070e-01
   1.0000000e+00   1.0000000e+00   3.8379566e-01
   2.0160392e-13   1.7424734e-13   4.7847573e-01
   1.0849667e-01   0.0000000e+00   5.2411927e-01
   2.0818578e-01   1.8167672e-13   4.6608947e-01
   3.1283441e-01   2.2086543e-13   5.0910726e-01
   4.1235520e-01   1.8651660e-13   4.4721668e-01
   5.1141531e-01   0.0000000e+00   4.8943692e-01
   6.1564928e-01   1.7445810e-13   5.4341020e-01
   7.0697098e-01   2.0720231e-13   4.7375508e-01
   8.0388266e-01   0.0000000e+00   5.2030472e-01
   8.9994246e-01   1.5133858e-13   4.6486030e-01
   1.0000000e+00  -1.0379657e-12   5.2082856e-01
   0.0000000e+00   1.0567570e-01   5.2284910e-01
   1.6829357e-01   9.6501934e-02   4.9431299e-01
   2.6045681e-01   9.9308239e-02   5.2223785e-01
   3.5214072e-01   9.2425072e-02   4.5180011e-01
   4.4405785e-01   1.0756005e-01   4.9387734e-01
   5.3753975e-01   1.8330405e-01   4.7627184e-01
   6.2203484e-01   9.4392665e-02   4.8232849e-01
   7.0336126e-01   9.6522531e-02   5.3266521e-01
   8.0534875e-01   8.1870545e-02   4.6314130e-01
   8.9655830e-01   1.0254921e-01   5.2448765e-01
   1.0000000e+00   8.4629682e-02   4.7122114e-01
   2.2213134e-13   2.1590124e-01   4.5922306e-01
   8.1938153e-02   1.7400611e-01   5.0593745e-01
   1.7034712e-01   1.9947231e-01   5.3234127e-01
   3.4035577e-01   1.8691736e-01   5.0711285e-01
   4.2170337e-01   1.9793742e-01   4.3599725e-01
   4.9251321e-01   2.7471622e-01   4.5737933e-01
   6.1984848e-01   1.8759528e-01   5.3406829e-01
   7.0684468e-01   2.4821177e-01   5.3353704e-01
   7.9134820e-01   1.6912129e-01   5.1340467e-01
   8.9826348e-01   2.0497947e-01   5.1025175e-01
   1.0000000e+00   1.8021140e-01   4.7137244e-01
   0.0000000e+00   3.1412626e-01   5.0425362e-01
   1.0378755e-01   2.7438847e-01   4.5772233e-01
   2.5468138e-01   2.7019119e-01   5.2113083e-01
   3.9055857e-01   2.9963355e-01   5.0477479e-01
   4.5912734e-01   3.6810448e-01   5.3992064e-01
   5.4193884e-01   3.6491484e-01   4.5325080e-01
   6.1635811e-01   2.8441279e-01   4.8310241e-01
   7.2041974e-01   3.4666616e-01   5.1997438e-01
   8.0968536e-01   2.7905734e-01   5.4344446e-01
   9.0288124e-01   3.1731523e-01   4.7662858e-01
   1.0000000e+00   2.7564072e-01   5.2026306e-01
   2.0690524e-13   4.1800286e-01   4.5775823e-01
   8.8377834e-02   3.7950725e-01   5.1451736e-01
   1.7399745e-01   3.2834447e-01   5.1121252e-01
   2.8557309e-01   3.6851116e-01   5.1024695e-01
   3.7542960e-01   4.2040019e-01   5.0565528e-01
   5.5996402e-01   4.7978480e-01   4.5996213e-01
   6.4032532e-01   3.9338178e-01   4.8289285e-01
   7.3769627e-01   4.5088350e-01   5.2160763e-01
   8.2400089e-01   3.8312987e-01   5.4720638e-01
   9.0946665e-01   4.2316694e-01   5.3240055e-01
   1.0000000e+00   3.7971289e-01   4.7563546e-01
   0.0000000e+00   5.1554957e-01   5.1760267e-01
   9.7835380e-02   4.7652890e-01   4.7891321e-01
   1.8927866e-01   5.2720591e-01   4.6292995e-01
   2.7367395e-01   5.5237333e-01   5.3768434e-01
   4.7167215e-01   4.9811274e-01   5.4893139e-01
   5.7410418e-01   5.4010279e-01   5.4076764e-01
   6.6023564e-01   5.1303581e-01   4.6351476e-01
   7.7324520e-01   5.2796185e-01   4.4321768e-01
   8.1742285e-01   5.0967127e-01   5.4347061e-01
   9.0242039e-01   5.2137460e-01   4.9027859e-01
   1.0000000e+00   4.8308355e-01   5.4009035e-01
   1.9845193e-13   6.1834609e-01   4.7423231e-01
   8.8515876e-02   5.7622908e-01   5.3156669e-01
   1.8473636e-01   6.2297605e-01   4.9964815e-01
   2.7923380e-01   6.5013225e-01   4.8927112e-01
   3.8483909e-01   5.4052514e-01   4.8503410e-01
   4.7827934e-01   6.1559312e-01   5.3174696e-01
   5.9339657e-01   6.1969646e-01   4.7699098e-01
   6.8892307e-01   6.5982732e-01   5.3684567e-01
   7.9794875e-01   6.0982100e-01   4.9875314e-01
   9.0244956e-01   6.0555734e-01   5.5002983e-01
   1.0000000e+00   5.8799317e-01   4.9692198e-01
   1.9628700e-13   7.1598416e-01   5.2647851e-01
   1.0217231e-01   6.8391046e-01   4.7798515e-01
   2.0253921e-01   7.2627959e-01   5.4009904e-01
   3.2256325e-01   7.3504498e-01   4.6775349e-01
   3.8712757e-01   6.3899626e-01   4.5607573e-01
   4.4393008e-01   7.2982769e-01   4.4722347e-01
   5.3293766e-01   7.1120048e-01   5.1220011e-01
   6.3871433e-01   7.2589735e-01   4.7620616e-01
   7.5115512e-01   7.1992743e-01   4.8885414e-01
   8.7052579e-01   7.0267457e-01   4.9955367e-01
   1.0000000e+00   7.0098541e-01   4.9930922e-01
   1.8882725e-13   8.1456234e-01   4.8059674e-01
   9.8278873e-02   7.8780339e-01   5.3632811e-01
   1.8801568e-01   8.2138636e-01   4.8960653e-01
   2.7928639e-01   8.2260450e-01   4.4786454e-01
   3.9113513e-01   8.1775956e-01   5.0077968e-01
   4.9790562e-01   8.1589226e-01   4.6679926e-01
   5.7933480e-01   8.1798526e-01   5.4598685e-01
   6.9207769e-01   8.0845659e-01   5.2914726e-01
   8.0250243e-01   7.9154150e-01   5.4957053e-01
   9.1778743e-01   7.8350728e-01   4.9906203e-01
   1.0000000e+00   8.1905460e-01   4.9849802e-01
   2.2423686e-13   9.0894300e-01   5.3720227e-01
   9.5617543e-02   8.9281998e-01   4.8492459e-01
   1.7724467e-01   9.1340695e-01   5.5565880e-01
   2.7012250e-01   9.0694783e-01   5.2680293e-01
   3.4222938e-01   9.0950928e-01   4.4987860e-01
   5.0336301e-01   9.0542066e-01   5.3701138e-01
   5.6762454e-01   9.0981685e-01   4.5717613e-01
   6.7887179e-01   9.0605223e-01   4.6584245e-01
   7.7751612e-01   8.9327064e-01   4.8369989e-01
   8.9488682e-01   8.9349993e-01   4.9041766e-01
   1.0000000e+00   9.1861501e-01   5.2653422e-01
  -9.3189952e-13   1.0000000e+00   4.8523019e-01
   9.2845344e-02   1.0000000e+00   5.3606495e-01
   1.9502952e-01   1.0000000e+00   5.0133586e-01
   3.2330046e-01   1.0000000e+00   5.1688514e-01
   4.1938504e-01   1.0000000e+00   4.9413710e-01
   5.1128007e-01   1.0000000e+00   4.8058331e-01
   6.1653193e-01   1.0000000e+00   4.9470345e-01
   7.1773864e-01   1.0000000e+00   5.1352091e-01
   8.1702147e-01   1.0000000e+00   5.1485019e-01
   9.1431721e-01   1.0000000e+00   5.3931818e-01
   1.0000000e+00   1.0000000e+00   4.8153958e-01
   1.6880811e-13   1.7372952e-13   5.7821725e-01
   1.0593451e-01   0.0000000e+00   6.2542557e-01
   2.1361929e-01   1.9478039e-13   5.6931490e-01
   3.1579963e-01   2.2316350e-13   6.1350773e-01
   4.1546226e-01   1.7796702e-13   5.4789007e-01
   5.1436248e-01   2.2085285e-13   5.9967319e-01
   6.1227723e-01   2.1565996e-13   6.4323631e-01
   7.1280137e-01   2.1649349e-13   5.8430983e-01
   8.1314283e-01   0.0000000e+00   6.2809233e-01
   9.0310489e-01   2.1063663e-13   5.6686898e-01
   1.0000000e+00   1.9652075e-13   6.1830459e-01
   0.0000000e+00   1.0565585e-01   6.2817572e-01
   8.4499941e-02   8.6724747e-02   5.6781825e-01
   1.8040426e-01   9.3428256e-02   6.0303448e-01
   3.5117134e-01   9.4505682e-02   5.6953567e-01
   4.3924408e-01   1.0321370e-01   5.9757114e-01
   5.3738254e-01   8.7938986e-02   5.4048634e-01
   6.1265867e-01   1.0640331e-01   6.0996908e-01
   6.9651546e-01   8.2658000e-02   6.5571588e-01
   7.9754054e-01   9.4007706e-02   5.8222580e-01
   8.9651753e-01   9.0240418e-02   6.2820885e-01
   1.0000000e+00   1.0347168e-01   5.6685038e-01
   0.0000000e+00   2.0951691e-01   5.6268916e-01
   9.4930809e-02   1.8041723e-01   6.1870090e-01
   2.6360366e-01   1.8385280e-01   5.8738986e-01
   3.6109454e-01   1.8980935e-01   6.2917683e-01
   4.4188554e-01   2.1271363e-01   5.5014861e-01
   5.2774130e-01   1.7760785e-01   5.9442865e-01
   6.2623871e-01   2.2760089e-01   6.2726874e-01
   7.1708890e-01   1.7158974e-01   6.1248997e-01
   8.1963842e-01   2.0876856e-01   6.1865684e-01
   9.1630202e-01   1.7898472e-01   6.1707317e-01
   1.0000000e+00   2.0227455e-01   5.8727896e-01
   2.1017996e-13   3.1745235e-01   6.1229109e-01
   8.4835703e-02   2.7533656e-01   5.6313021e-01
   1.7768510e-01   2.7321587e-01   6.1384836e-01
   3.3415273e-01   2.8056113e-01   5.8031087e-01
   4.3374742e-01   2.9752703e-01   6.2105786e-01
   5.3784854e-01   2.8660709e-01   5.4810002e-01
   6.2964242e-01   3.3350891e-01   5.9297978e-01
   7.2665817e-01   2.8196797e-01   6.3048281e-01
   8.1714419e-01   3.2987046e-01   6.4277067e-01
   9.0728392e-01   2.9182974e-01   5.7992203e-01
   1.0000000e+00   2.9401768e-01   6.4249964e-01
   0.0000000e+00   4.1386114e-01   5.6529917e-01
   1.0993122e-01   3.7119783e-01   6.1832275e-01
   2.3723700e-01   3.5531312e-01   6.0634666e-01
   3.5713276e-01   3.7760960e-01   6.1065132e-01
   4.4548710e-01   4.3968760e-01   6.3188544e-01
   5.5035556e-01   4.1304968e-01   5.5285657e-01
   6.4152701e-01   4.5778593e-01   5.6795537e-01
   7.2578703e-01   3.9550693e-01   6.2075715e-01
   8.2515407e-01   4.4956320e-01   6.3009510e-01
   9.1013493e-01   3.8291618e-01   6.3426756e-01
   1.0000000e+00   3.6842502e-01   5.7605880e-01
   0.0000000e+00   5.1929421e-01   6.2033950e-01
   8.9799223e-02   4.6955564e-01   5.9089669e-01
   1.9051304e-01   4.3131866e-01   5.4174971e-01
   2.8036603e-01   4.5685864e-01   6.0267702e-01
   3.6479057e-01   4.9524861e-01   5.7704106e-01
   5.3877000e-01   4.8407342e-01   6.3792554e-01
   6.3452893e-01   5.4304335e-01   6.4118199e-01
   6.9904269e-01   5.6180609e-01   5.3954454e-01
   8.1576149e-01   5.7120748e-01   6.1930508e-01
   9.1060046e-01   5.0945175e-01   6.1558569e-01
   1.0000000e+00   4.4995371e-01   6.3462999e-01
   2.1700350e-13   6.1861419e-01   5.8305806e-01
   1.6613114e-01   6.2916732e-01   5.9906016e-01
   1.7666299e-01   5.2214191e-01   5.7040186e-01
   3.6380181e-01   6.1806667e-01   5.6119517e-01
   4.2889766e-01   5.6626296e-01   6.2948785e-01
   5.2541836e-01   5.8587284e-01   6.3429924e-01
   6.0117125e-01   6.3716406e-01   5.8870105e-01
   7.1962449e-01   6.2190059e-01   6.3313923e-01
   8.0301665e-01   6.7133952e-01   5.8273823e-01
   9.0266817e-01   6.3062713e-01   6.4676374e-01
   1.0000000e+00   5.6342891e-01   6.1043641e-01
   1.9930585e-13   7.1192922e-01   6.3592997e-01
   9.4371224e-02   6.8765608e-01   5.8200719e-01
   2.5494171e-01   6.3386386e-01   6.0792622e-01
   3.0271711e-01   7.1980932e-01   5.8839091e-01
   4.0857142e-01   7.1475329e-01   5.4537723e-01
   4.9103388e-01   6.8595967e-01   6.1002014e-01
   6.0730456e-01   7.3449077e-01   5.9643960e-01
   7.1340256e-01   7.3481471e-01   6.1039742e-01
   8.2844860e-01   7.3116884e-01   6.5117053e-01
   9.1407828e-01   7.1615104e-01   5.9431680e-01
   1.0000000e+00   6.5625369e-01   5.9166483e-01
   2.1892297e-13   8.0959472e-01   5.8537711e-01
   9.9583343e-02   7.8753286e-01   6.4039987e-01
   1.9385223e-01   8.2183937e-01   6.0060735e-01
   2.9261261e-01   8.0991763e-01   5.5370729e-01
   3.8561020e-01   8.0266620e-01   6.2144566e-01
   4.7903383e-01   7.9413998e-01   5.7586780e-01
   5.4263092e-01   8.0922098e-01   6.6175813e-01
   6.5700670e-01   8.2763606e-01   6.3587215e-01
   7.7264352e-01   8.2306480e-01   6.4490542e-01
   8.8936957e-01   8.1902268e-01   5.9334872e-01
   1.0000000e+00   7.6672233e-01   5.9643503e-01
   2.1291042e-13   9.0439656e-01   6.4456524e-01
   8.7402166e-02   8.9120161e-01   5.9598528e-01
   2.4353727e-01   9.0597242e-01   6.5518403e-01
   3.2377181e-01   8.9650177e-01   6.1893940e-01
   3.9561828e-01   9.0298233e-01   5.4907531e-01
   4.7196414e-01   8.9179270e-01   6.3180869e-01
   6.2726290e-01   9.0781753e-01   5.5395488e-01
   7.2754133e-01   9.0150412e-01   5.7854172e-01
   8.2498721e-01   9.0523552e-01   5.7911504e-01
   9.2319077e-01   9.1841949e-01   6.0170536e-01
   1.0000000e+00   8.5515910e-01   6.0591995e-01
  -1.1538019e-12   1.0000000e+00   5.9241510e-01
   7.8251927e-02   1.0000000e+00   6.4505611e-01
   1.6720999e-01   1.0000000e+00   6.1495590e-01
   2.6093378e-01   1.0000000e+00   5.9527879e-01
   3.7091100e-01   1.0000000e+00   6.0784093e-01
   4.6064604e-01   1.0000000e+00   5.9304691e-01
   5.5840991e-01   1.0000000e+00   5.8374305e-01
   6.5876048e-01   1.0000000e+00   6.0719298e-01
   7.5619370e-01   1.0000000e+00   6.2065051e-01
   8.4803612e-01   1.0000000e+00   6.2148514e-01
   1.0000000e+00   1.0000000e+00   6.0502682e-01
   1.4405838e-13   1.4022160e-13   6.7956630e-01
   1.0522332e-01   2.2142054e-13   7.3074828e-01
   2.0669235e-01   1.6542063e-13   6.7401025e-01
   3.0870424e-01   2.0006176e-13   7.1289396e-01
   4.1953133e-01   1.7675054e-13   6.5220062e-01
   5.2120685e-01   0.0000000e+00   7.1286072e-01
   6.4403622e-01   2.0974325e-13   7.3597271e-01
   7.2828474e-01   0.0000000e+00   6.9173834e-01
   8.1668476e-01   1.3579415e-13   7.3833812e-01
   9.0696444e-01   0.0000000e+00   6.7688229e-01
   1.0000000e+00   2.2054797e-13   7.1966888e-01
   0.0000000e+00   1.0905645e-01   7.2802557e-01
   9.6759667e-02   8.5318176e-02   6.7927423e-01
   1.8747648e-01   1.0553785e-01   7.2792122e-01
   2.7446715e-01   9.2766871e-02   6.4840003e-01
   3.7667726e-01   9.6259633e-02   6.9019298e-01
   5.0627773e-01   9.1973242e-02   6.6043993e-01
   5.8590640e-01   8.2058104e-02   7.2226635e-01
   6.5059874e-01   1.5318784e-01   7.1746403e-01
   8.0076862e-01   1.0099133e-01   6.8307914e-01
   9.0476340e-01   9.1701055e-02   7.3231635e-01
   1.0000000e+00   9.8576612e-02   6.6468632e-01
   0.0000000e+00   2.1278766e-01   6.5820168e-01
   9.2002101e-02   1.8005182e-01   7.2931494e-01
   1.8690459e-01   1.7736784e-01   6.5568392e-01
   2.8994018e-01   1.8365383e-01   7.1346627e-01
   4.5145944e-01   1.9360609e-01   6.7483960e-01
   5.3325879e-01   2.6638765e-01   6.4145212e-01
   5.5218336e-01   1.9346099e-01   7.1606546e-01
   6.7070728e-01   2.5302776e-01   7.2094325e-01
   7.5526076e-01   1.9138111e-01   7.1655684e-01
   8.6260130e-01   1.7983879e-01   7.1547458e-01
   1.0000000e+00   1.8672812e-01   7.0058892e-01
   2.1595442e-13   3.2666810e-01   7.1385855e-01
   9.2134215e-02   2.7936895e-01   6.7739177e-01
   1.8485332e-01   3.3790258e-01   7.1502453e-01
   2.6910647e-01   2.7059332e-01   6.6193921e-01
   3.6417397e-01   2.8294426e-01   6.9862910e-01
   5.1817128e-01   3.6458320e-01   6.4177065e-01
   5.9014464e-01   3.1234899e-01   7.1253545e-01
   7.0391892e-01   3.5097098e-01   7.1455291e-01
   8.0156612e-01   2.8165941e-01   7.2476479e-01
   9.0665238e-01   2.6363118e-01   6.8627122e-01
   1.0000000e+00   2.7570799e-01   7.4414330e-01
   1.3541512e-13   4.1947724e-01   6.6830856e-01
   9.5922808e-02   3.8993163e-01   7.2576477e-01
   1.8736090e-01   4.3282099e-01   6.6388534e-01
   2.9213129e-01   3.7840668e-01   7.0109427e-01
   4.0722213e-01   3.7678745e-01   7.1785515e-01
   5.1110118e-01   4.0957846e-01   7.2946812e-01
   6.1827807e-01   4.1651379e-01   6.6245374e-01
   6.9894070e-01   4.6392259e-01   7.2001471e-01
   7.9859314e-01   4.0403756e-01   7.2154220e-01
   9.0020259e-01   3.5190572e-01   7.3086482e-01
   1.0000000e+00   3.8645425e-01   7.0713423e-01
   1.9589842e-13   5.0946348e-01   7.2776678e-01
   9.6819152e-02   4.8776858e-01   6.9180871e-01
   2.0618901e-01   5.3346756e-01   6.5611814e-01
   2.7825073e-01   4.7379273e-01   7.2237336e-01
   3.7012925e-01   4.7446709e-01   6.9325288e-01
   4.7205035e-01   5.2406462e-01   7.2294727e-01
   5.8544651e-01   5.0216753e-01   7.3376644e-01
   7.3006107e-01   5.0413293e-01   6.2720423e-01
   7.9950267e-01   5.1966877e-01   7.1682573e-01
   9.0309368e-01   4.5902755e-01   7.1816506e-01
   1.0000000e+00   5.1250960e-01   7.0854260e-01
   0.0000000e+00   6.0948882e-01   6.9494853e-01
   9.1074637e-02   5.7500513e-01   6.4449752e-01
   1.7677724e-01   6.1449783e-01   7.1109578e-01
   3.1305530e-01   5.6500398e-01   6.4793070e-01
   3.6938934e-01   5.8780821e-01   7.2502403e-01
   4.6499253e-01   6.3800251e-01   7.1771880e-01
   5.7413714e-01   5.9872634e-01   7.2593240e-01
   6.9300662e-01   5.6623271e-01   7.2773696e-01
   7.9749473e-01   6.3264740e-01   7.0784793e-01
   8.9917773e-01   5.6686669e-01   7.1845125e-01
   1.0000000e+00   6.2014982e-01   7.0572221e-01
   2.0773314e-13   7.0730341e-01   7.3968402e-01
   9.4083884e-02   6.7229318e-01   6.8919293e-01
   1.9248873e-01   7.2157651e-01   6.5275974e-01
   2.8573866e-01   6.7775584e-01   7.0363921e-01
   3.7817664e-01   6.7710079e-01   6.5116996e-01
   4.5269612e-01   7.4399319e-01   6.8835248e-01
   5.5596390e-01   6.9684593e-01   6.9096069e-01
   6.5401260e-01   6.6168376e-01   6.9101052e-01
   7.4210293e-01   7.2196825e-01   7.1374453e-01
   8.9578931e-01   6.8777011e-01   7.2767031e-01
   1.0000000e+00   7.1665844e-01   6.8832792e-01
   0.0000000e+00   8.0571365e-01   6.8999075e-01
   1.0177261e-01   7.6114324e-01   7.3388628e-01
   1.9638002e-01   8.0993265e-01   7.1821824e-01
   2.8013903e-01   7.9668319e-01   6.7003827e-01
   3.4346380e-01   7.7515182e-01   7.2455785e-01
   4.3625109e-01   8.2925366e-01   7.2723414e-01
   6.4193951e-01   7.6819395e-01   7.1256831e-01
   7.2092636e-01   8.3211084e-01   7.4532072e-01
   8.2575424e-01   7.9505975e-01   7.3832593e-01
   9.2107019e-01   7.8423296e-01   6.9367681e-01
   1.0000000e+00   8.2966306e-01   7.0954842e-01
   1.7588622e-13   9.1046703e-01   7.4032200e-01
   8.8034673e-02   8.6995148e-01   7.2316516e-01
   1.4582156e-01   9.0461097e-01   6.7279687e-01
   3.2256679e-01   8.9142681e-01   7.3837117e-01
   3.9993175e-01   9.1364836e-01   6.7993894e-01
   5.1013821e-01   9.0580895e-01   7.3630829e-01
   5.7496330e-01   9.0896320e-01   6.3626567e-01
   6.8649500e-01   9.1388846e-01   6.7799206e-01
   7.8800217e-01   9.1124257e-01   6.9144241e-01
   8.8124770e-01   8.8198520e-01   6.8754758e-01
   1.0000000e+00   9.1948285e-01   6.8333423e-01
  -9.1766872e-13   1.0000000e+00   7.0628267e-01
   1.1374403e-01   1.0000000e+00   7.2984931e-01
   2.1395417e-01   1.0000000e+00   7.0546755e-01
   3.1569837e-01   1.0000000e+00   6.9292160e-01
   4.2667039e-01   1.0000000e+00   7.1035312e-01
   5.1529530e-01   1.0000000e+00   6.8514641e-01
   6.1382762e-01   1.0000000e+00   6.9747952e-01
   7.1572392e-01   1.0000000e+00   7.2149396e-01
   8.2390860e-01   1.0000000e+00   7.2358148e-01
   9.1807801e-01   1.0000000e+00   6.8178709e-01
   1.0000000e+00   1.0000000e+00   7.2739670e-01
   1.9333537e-13  -9.4513546e-13   7.8042486e-01
   9.6729647e-02   0.0000000e+00   8.2967984e-01
   2.0287202e-01   0.0000000e+00   7.7822197e-01
   2.9806982e-01   2.0595158e-13   8.1339635e-01
   4.0778330e-01   1.6720523e-13   7.4719676e-01
   4.9652903e-01   1.8165114e-13   8.0859492e-01
   5.9253145e-01   1.5487958e-13   8.1546057e-01
   7.1695436e-01   0.0000000e+00   8.1290045e-01
   8.1864829e-01   1.3870112e-13   8.3258632e-01
   9.1119771e-01   0.0000000e+00   7.8747405e-01
   1.0000000e+00   2.2282350e-13   8.2504777e-01
   0.0000000e+00   7.6080664e-02   8.3311526e-01
   8.8259968e-02   9.8496131e-02   7.9191215e-01
   1.8309616e-01   7.9939827e-02   8.3345977e-01
   2.8219062e-01   9.5672584e-02   7.6646963e-01
   3.7415618e-01   9.9119423e-02   8.0504486e-01
   4.7172688e-01   1.0455555e-01   7.5501208e-01
   5.6226711e-01   1.3006386e-01   8.1629460e-01
   6.4961461e-01   9.0952224e-02   8.1598708e-01
   7.3574335e-01   8.4317121e-02   7.6477791e-01
   9.1505585e-01   8.3375028e-02   8.4251980e-01
   1.0000000e+00   9.0706355e-02   7.7326703e-01
   0.0000000e+00   2.2655487e-01   7.4541715e-01
   1.2206906e-01   1.9192345e-01   8.3047145e-01
   1.8710167e-01   2.3261496e-01   7.3368651e-01
   3.1558317e-01   2.0554249e-01   8.2233359e-01
   3.9434976e-01   1.9438165e-01   7.5339202e-01
   4.8754973e-01   2.1116133e-01   8.0689549e-01
   6.1093547e-01   2.2824705e-01   8.0591197e-01
   7.1269402e-01   1.8142730e-01   8.1387946e-01
   8.1816845e-01   2.2209736e-01   8.1829394e-01
   9.1800195e-01   1.9128007e-01   7.9063613e-01
   1.0000000e+00   1.6947397e-01   8.1293587e-01
   2.0508465e-13   3.0524694e-01   8.1964578e-01
   9.1778752e-02   2.8311534e-01   7.8203360e-01
   1.8892634e-01   2.9399963e-01   8.2325053e-01
   2.8204132e-01   2.9566522e-01   7.7380982e-01
   3.8846853e-01   2.9329006e-01   8.1190328e-01
   4.7544122e-01   2.9086171e-01   7.3308284e-01
   5.3575468e-01   3.1926818e-01   8.1500507e-01
   6.4424033e-01   3.2725965e-01   8.1846205e-01
   7.2992115e-01   2.8670764e-01   8.0759287e-01
   8.9968188e-01   2.9132132e-01   8.0586923e-01
   1.0000000e+00   2.6397673e-01   8.4172556e-01
   0.0000000e+00   4.0962925e-01   7.8805623e-01
   1.0600831e-01   3.7681685e-01   8.2642747e-01
   2.1872965e-01   3.9946587e-01   8.0027590e-01
   3.3336990e-01   4.0312180e-01   8.0591847e-01
   4.2889163e-01   4.7389829e-01   7.9701813e-01
   4.4591408e-01   3.7282465e-01   8.2083780e-01
   6.1499119e-01   4.0065119e-01   7.7249285e-01
   7.2201376e-01   4.1259347e-01   8.1355092e-01
   8.1156653e-01   3.4880682e-01   8.1504882e-01
   9.0545705e-01   4.0794064e-01   8.2025682e-01
   1.0000000e+00   3.6118148e-01   8.0927428e-01
   0.0000000e+00   5.1955669e-01   8.1881249e-01
   9.2789634e-02   4.7155203e-01   8.0759261e-01
   1.7665763e-01   4.9498537e-01   7.6301649e-01
   2.6564545e-01   5.0037348e-01   8.2756718e-01
   3.5152745e-01   5.2583771e-01   8.0344149e-01
   5.3333846e-01   4.4272469e-01   8.2490139e-01
   6.3708992e-01   4.9405183e-01   8.1939448e-01
   7.3340710e-01   5.3228177e-01   8.1810135e-01
   8.1941606e-01   4.6757004e-01   8.0906298e-01
   9.1146788e-01   5.1900306e-01   8.1479914e-01
   1.0000000e+00   4.6240076e-01   7.9628520e-01
   2.2214132e-13   6.1426042e-01   8.0498248e-01
   9.0838004e-02   5.7705138e-01   7.6774990e-01
   1.8338531e-01   5.8578308e-01   8.2515574e-01
   2.6067088e-01   5.8069106e-01   7.4461145e-01
   4.2462266e-01   6.0594141e-01   8.1734997e-01
   5.2055235e-01   5.5013242e-01   8.1941437e-01
   6.2438855e-01   5.9359059e-01   8.1770977e-01
   7.1954444e-01   6.4243049e-01   7.9514866e-01
   8.2298957e-01   5.8626833e-01   8.0613493e-01
   9.1380521e-01   6.3260616e-01   8.1411052e-01
   1.0000000e+00   5.7249490e-01   8.0129998e-01
   1.5370257e-13   7.1105572e-01   8.3591743e-01
   1.0454060e-01   6.8200756e-01   8.0058797e-01
   2.0329867e-01   6.9628947e-01   7.6391540e-01
   2.8324687e-01   7.3250122e-01   8.1583401e-01
   3.7411040e-01   6.9037525e-01   7.7073909e-01
   5.2292000e-01   6.6140585e-01   8.0368004e-01
   6.1624749e-01   6.9752936e-01   7.9848726e-01
   7.0837898e-01   7.5091169e-01   8.1659251e-01
   8.1157938e-01   6.9787820e-01   8.0696485e-01
   9.0376449e-01   7.4431967e-01   8.1538647e-01
   1.0000000e+00   6.8160791e-01   7.9655562e-01
   0.0000000e+00   8.1023043e-01   7.9069656e-01
   7.4108422e-02   8.0095870e-01   8.2768503e-01
   1.6997482e-01   7.9123453e-01   8.1906328e-01
   2.6674243e-01   8.2548603e-01   8.0841383e-01
   3.7622193e-01   8.1096919e-01   8.2075429e-01
   4.5043188e-01   7.3271908e-01   8.0399607e-01
   5.4110545e-01   7.8060460e-01   7.6250107e-01
   6.2228510e-01   8.1593809e-01   8.2170359e-01
   7.9680272e-01   8.1021217e-01   8.3308725e-01
   9.0953137e-01   8.3758823e-01   8.0219469e-01
   1.0000000e+00   7.7897640e-01   7.9264616e-01
   2.0065416e-13   9.0438125e-01   8.3212137e-01
   1.1111594e-01   9.0059215e-01   8.0651247e-01
   2.0769546e-01   9.0467306e-01   7.6655381e-01
   3.0395869e-01   9.1462221e-01   8.3810430e-01
   4.1836107e-01   9.1353070e-01   8.0315198e-01
   4.9508481e-01   8.3897738e-01   8.2582708e-01
   6.0930877e-01   8.8245574e-01   7.3690670e-01
   6.9973193e-01   9.0386556e-01   8.0484710e-01
   8.1437957e-01   9.0317672e-01   7.9471903e-01
   9.1569196e-01   9.2647182e-01   7.6568167e-01
   1.0000000e+00   8.9588968e-01   7.9998870e-01
  -1.2577578e-12   1.0000000e+00   8.0669175e-01
   7.6601100e-02   1.0000000e+00   8.1255245e-01
   1.8202985e-01   1.0000000e+00   8.1528565e-01
   2.7533970e-01   1.0000000e+00   7.9379312e-01
   3.6972020e-01   1.0000000e+00   7.9422366e-01
   4.8164452e-01   1.0000000e+00   8.0538442e-01
   5.7094358e-01   1.0000000e+00   7.8552870e-01
   6.6346969e-01   1.0000000e+00   8.0946791e-01
   7.7367208e-01   1.0000000e+00   8.1301563e-01
   8.9036943e-01   1.0000000e+00   8.0474665e-01
   1.0000000e+00   1.0000000e+00   8.1930216e-01
   1.0325898e-13   1.4209293e-13   9.0270579e-01
   1.2300667e-01   2.0255802e-13   9.1459757e-01
   2.1953270e-01   1.7016380e-13   8.9536617e-01
   3.2463076e-01   1.9549510e-13   9.1739484e-01
   3.9346658e-01   1.7460295e-13   8.4285178e-01
   4.4384720e-01   1.5445631e-13   9.1857167e-01
   5.4595651e-01   2.2410979e-13   9.0810389e-01
   6.5967626e-01   1.9545476e-13   9.0363577e-01
   7.7096079e-01   0.0000000e+00   9.1425441e-01
   8.9834019e-01   0.0000000e+00   9.0479155e-01
   1.0000000e+00   2.2143355e-13   9.1223415e-01
   0.0000000e+00   1.2765678e-01   9.1406729e-01
   9.1230064e-02   8.9128865e-02   9.0363004e-01
   1.8723663e-01   1.3430649e-01   9.1455440e-01
   2.8479406e-01   9.5754739e-02   8.8173810e-01
   3.8133929e-01   1.0446887e-01   9.1559960e-01
   4.7681457e-01   8.7085630e-02   8.6353717e-01
   5.9099290e-01   8.6778114e-02   9.0912124e-01
   7.2493103e-01   9.1234788e-02   8.9160877e-01
   8.1651239e-01   1.1570751e-01   8.0673723e-01
   8.3280513e-01   8.3645131e-02   9.1379800e-01
   1.0000000e+00   9.6857643e-02   8.9788451e-01
   1.0437766e-13   1.8293542e-01   8.2165696e-01
   8.4941374e-02   1.9451524e-01   9.0972458e-01
   2.2418613e-01   1.8263863e-01   8.1504854e-01
   2.8794388e-01   1.9388804e-01   9.1455452e-01
   4.0527998e-01   1.8708317e-01   8.7420172e-01
   4.9673122e-01   1.5794222e-01   9.1775807e-01
   5.6477223e-01   2.2181679e-01   8.9655564e-01
   6.5194008e-01   1.6516773e-01   9.0527096e-01
   7.7893414e-01   1.8411167e-01   9.0700326e-01
   8.9608923e-01   1.5954913e-01   8.9741128e-01
   1.0000000e+00   2.0000723e-01   9.1397553e-01
   0.0000000e+00   2.4634429e-01   9.0721591e-01
   9.4030378e-02   2.9984095e-01   8.9833779e-01
   1.9147864e-01   2.4753671e-01   9.1249666e-01
   2.8357402e-01   3.1569289e-01   8.8354754e-01
   3.6555404e-01   2.7047779e-01   9.1781504e-01
   4.6827140e-01   2.7590363e-01   9.0015666e-01
   5.9006117e-01   3.1078908e-01   9.0900489e-01
   6.8696216e-01   2.5282900e-01   9.0273908e-01
   7.9582035e-01   2.9584985e-01   9.0528150e-01
   8.9421467e-01   2.5094535e-01   9.0370423e-01
   1.0000000e+00   3.1846542e-01   9.1417463e-01
   1.9813231e-13   3.5834017e-01   9.0025670e-01
   9.0848729e-02   4.1935845e-01   9.1805052e-01
   1.8636074e-01   3.6509129e-01   9.0844979e-01
   2.7712371e-01   4.2520749e-01   9.0662107e-01
   3.8235894e-01   3.7544293e-01   9.0557017e-01
   4.9415739e-01   3.7153819e-01   9.1585796e-01
   5.9939116e-01   4.1112320e-01   8.9666363e-01
   7.0253607e-01   3.5702470e-01   9.0627631e-01
   7.9941152e-01   4.1208346e-01   9.0416990e-01
   8.9793950e-01   3.5588566e-01   9.0474464e-01
   1.0000000e+00   4.2249098e-01   9.0043786e-01
   2.2218685e-13   4.5525116e-01   8.9442468e-01
   9.5424438e-02   5.2827933e-01   8.9095329e-01
   1.8036380e-01   4.7722442e-01   8.9055492e-01
   2.6906664e-01   5.5069429e-01   9.0946786e-01
   3.6845287e-01   4.8424332e-01   9.0039571e-01
   4.6964716e-01   4.6706041e-01   9.0435013e-01
   5.7680312e-01   5.1849506e-01   9.0868761e-01
   6.9302249e-01   4.6566264e-01   9.0814238e-01
   7.9278110e-01   5.2140170e-01   9.0577392e-01
   8.9646762e-01   4.6897853e-01   9.0898066e-01
   1.0000000e+00   5.2393060e-01   8.9922825e-01
   0.0000000e+00   5.6097795e-01   9.1285990e-01
   8.5237644e-02   6.2538339e-01   8.8403478e-01
   1.7513869e-01   5.9669476e-01   9.2648170e-01
   2.9613407e-01   6.2665521e-01   8.2178865e-01
   3.6600248e-01   5.9425244e-01   9.0436616e-01
   4.6791644e-01   5.6706056e-01   9.0986330e-01
   5.7132947e-01   6.3284613e-01   9.0351670e-01
   6.7830543e-01   5.7099136e-01   9.0785193e-01
   7.8300154e-01   6.2420378e-01   8.9763961e-01
   8.9324228e-01   5.7662194e-01   9.0604707e-01
   1.0000000e+00   6.2768440e-01   9.0073727e-01
   2.0150461e-13   6.6550815e-01   9.1646672e-01
   1.0626649e-01   7.2555105e-01   9.0818985e-01
   1.9362403e-01   6.8424775e-01   8.7445340e-01
   2.7672368e-01   6.7211483e-01   9.1937701e-01
   3.7554807e-01   7.0078242e-01   8.8845075e-01
   4.6763645e-01   6.7288369e-01   9.0686172e-01
   6.2822579e-01   7.3831882e-01   9.1068447e-01
   6.8515892e-01   6.7008931e-01   8.9629934e-01
   7.7865017e-01   7.3332880e-01   9.0814165e-01
   8.8483998e-01   6.8103456e-01   9.0491271e-01
   1.0000000e+00   7.2588710e-01   8.9888727e-01
   1.8833936e-13   7.7721023e-01   9.0855943e-01
   1.1052121e-01   8.3135885e-01   9.1291587e-01
   2.1763520e-01   7.8041441e-01   9.0772948e-01
   3.2633405e-01   7.8639461e-01   9.0820883e-01
   4.4704879e-01   7.9367602e-01   9.1042577e-01
   5.3872201e-01   7.4438283e-01   8.7963186e-01
   5.6798025e-01   8.3785584e-01   9.1541864e-01
   6.9601250e-01   8.1925525e-01   9.0464143e-01
   8.1097892e-01   8.4160784e-01   9.2124197e-01
   8.9667007e-01   7.8606448e-01   9.0621748e-01
   1.0000000e+00   8.2379527e-01   8.9293261e-01
   2.2709482e-13   8.7233130e-01   9.0527809e-01
   8.1699083e-02   9.2916362e-01   9.0869207e-01
   1.8874754e-01   8.9618254e-01   8.8105280e-01
   2.7128533e-01   8.8484229e-01   9.2066142e-01
   3.8304250e-01   8.8967737e-01   9.0600663e-01
   4.8607913e-01   9.0906975e-01   9.0423096e-01
   5.7365577e-01   9.1544062e-01   8.3210601e-01
   6.5076478e-01   9.1042461e-01   9.0413891e-01
   7.6616189e-01   9.1293357e-01   8.9378194e-01
   8.9213318e-01   9.0073390e-01   8.8846638e-01
   1.0000000e+00   9.1206936e-01   9.0234280e-01
   1.7957857e-13   1.0000000e+00   9.0748228e-01
   1.2625023e-01   1.0000000e+00   9.0357299e-01
   2.3274980e-01   1.0000000e+00   9.0459707e-01
   3.2773804e-01   1.0000000e+00   9.0228735e-01
   4.2133562e-01   1.0000000e+00   8.9615602e-01
   5.2530562e-01   1.0000000e+00   9.0219039e-01
   6.1272546e-01   1.0000000e+00   9.0039604e-01
   7.1715264e-01   1.0000000e+00   9.0667104e-01
   8.2475488e-01   1.0000000e+00   9.0320068e-01
   9.1626704e-01   1.0000000e+00   9.0084977e-01
   1.0000000e+00   1.0000000e+00   9.1768097e-01
  -1.0097791e-12  -1.6786269e-12   1.0033785e+00
   8.7525171e-02  -1.0605761e-12   1.0000000e+00
   1.9105148e-01  -1.0976576e-12   1.0000000e+00
   2.8281870e-01   2.2022748e-13   1.0000000e+00
   3.9331982e-01  -9.9602184e-13   1.0000000e+00
   5.0019650e-01  -1.0076774e-12   1.0000000e+00
   6.0636314e-01  -9.3119349e-13   1.0000000e+00
   7.1114685e-01  -1.0283363e-12   1.0000000e+00
   8.1956513e-01   2.1326474e-13   1.0000000e+00
   9.1110831e-01  -9.7529363e-13   1.0000000e+00
   1.0000000e+00  -1.0224053e-12   1.0043299e+00
  -1.1896387e-12   9.4522487e-02   1.0000000e+00
   8.0949873e-02   8.9992852e-02   1.0000000e+00
   1.7594162e-01   8.6168965e-02   1.0000000e+00
   2.6244740e-01   1.0353899e-01   1.0000000e+00
   3.5531360e-01   8.8449795e-02   1.0000000e+00
   4.5386208e-01   1.0166572e-01   1.0000000e+00
   5.4568478e-01   9.1549752e-02   1.0000000e+00
   6.6439264e-01   9.1136064e-02   1.0000000e+00
   7.6928168e-01   9.1953831e-02   1.0000000e+00
   8.9931932e-01   9.2621114e-02   1.0000000e+00
   1.0000000e+00   8.6920817e-02   1.0000000e+00
   1.5277189e-13   2.0075522e-01   1.0000000e+00
   1.1085243e-01   1.7633385e-01   1.0000000e+00
   2.1328281e-01   2.0478196e-01   1.0000000e+00
   3.2780084e-01   1.8372170e-01   1.0000000e+00
   4.1306799e-01   2.0480358e-01   1.0000000e+00
   5.0458200e-01   2.1498179e-01   1.0000000e+00
   5.9538883e-01   1.6976535e-01   1.0000000e+00
   7.1332737e-01   1.8939393e-01   1.0000000e+00
   8.2566545e-01   1.6307039e-01   1.0000000e+00
   9.1311877e-01   2.0271539e-01   1.0000000e+00
   1.0000000e+00   1.6854746e-01   1.0000000e+00
   1.5519877e-13   3.0577339e-01   1.0000000e+00
   1.0643873e-01   2.6768168e-01   1.0000000e+00
   2.1177244e-01   3.1542592e-01   1.0000000e+00
   3.0734276e-01   2.7846012e-01   1.0000000e+00
   4.2264988e-01   3.1758917e-01   1.0000000e+00
   5.2746557e-01   3.0676300e-01   1.0000000e+00
   6.2321444e-01   2.5591144e-01   1.0000000e+00
   7.1902259e-01   3.0096732e-01   1.0000000e+00
   8.1078943e-01   2.5424329e-01   1.0000000e+00
   9.0566624e-01   3.0763319e-01   1.0000000e+00
   1.0000000e+00   2.7093355e-01   1.0000000e+00
   1.5682941e-13   4.0727122e-01   1.0000000e+00
   1.0526368e-01   3.6306011e-01   1.0000000e+00
   2.0854034e-01   4.2067095e-01   1.0000000e+00
   3.1621945e-01   3.7377232e-01   1.0000000e+00
   4.1833837e-01   4.2674703e-01   1.0000000e+00
   5.2726210e-01   4.1184542e-01   1.0000000e+00
   6.2705425e-01   3.6388071e-01   1.0000000e+00
   7.2139059e-01   4.1354949e-01   1.0000000e+00
   8.1294546e-01   3.6005970e-01   1.0000000e+00
   9.0614270e-01   4.1371487e-01   1.0000000e+00
   1.0000000e+00   3.7494781e-01   1.0000000e+00
   1.6537856e-13   5.0373878e-01   1.0000000e+00
   1.0673139e-01   4.7148976e-01   1.0000000e+00
   2.0777125e-01   5.1946849e-01   1.0000000e+00
   3.1215937e-01   4.7996669e-01   1.0000000e+00
   4.1081173e-01   5.3165361e-01   1.0000000e+00
   5.1343470e-01   5.1019391e-01   1.0000000e+00
   6.2155013e-01   4.6873106e-01   1.0000000e+00
   7.1659657e-01   5.2277403e-01   1.0000000e+00
   8.1300558e-01   4.6894692e-01   1.0000000e+00
   9.0799899e-01   5.2128924e-01   1.0000000e+00
   1.0000000e+00   4.7484204e-01   1.0000000e+00
   2.0449224e-13   6.0934226e-01   1.0000000e+00
   1.0021129e-01   5.6858778e-01   1.0000000e+00
   2.1381820e-01   6.2838884e-01   1.0000000e+00
   3.0768475e-01   5.8802658e-01   1.0000000e+00
   4.0204677e-01   6.3407936e-01   1.0000000e+00
   5.0696509e-01   6.1731481e-01   1.0000000e+00
   6.1038616e-01   5.7251970e-01   1.0000000e+00
   7.1608342e-01   6.2489416e-01   1.0000000e+00
   8.1428502e-01   5.7547513e-01   1.0000000e+00
   9.0900336e-01   6.2698726e-01   1.0000000e+00
   1.0000000e+00   5.7666909e-01   1.0000000e+00
   2.0664980e-13   7.1586519e-01   1.0000000e+00
   1.0040391e-01   6.6530058e-01   1.0000000e+00
   1.9555958e-01   7.2077087e-01   1.0000000e+00
   3.1547704e-01   7.0590657e-01   1.0000000e+00
   4.3031873e-01   7.2256396e-01   1.0000000e+00
   5.3492114e-01   7.1883464e-01   1.0000000e+00
   6.1858253e-01   6.7090949e-01   1.0000000e+00
   7.0872335e-01   7.2941267e-01   1.0000000e+00
   8.1022059e-01   6.7733826e-01   1.0000000e+00
   9.1031381e-01   7.2892987e-01   1.0000000e+00
   1.0000000e+00   6.8029278e-01   1.0000000e+00
   1.7758017e-13   8.2068059e-01   1.0000000e+00
   9.0932138e-02   7.7492204e-01   1.0000000e+00
   1.8125490e-01   8.2639020e-01   1.0000000e+00
   2.7655124e-01   8.0522325e-01   1.0000000e+00
   3.8135287e-01   8.0849558e-01   1.0000000e+00
   5.0038699e-01   8.1498378e-01   1.0000000e+00
   6.1540352e-01   7.9218001e-01   1.0000000e+00
   7.2678502e-01   8.2345730e-01   1.0000000e+00
   8.1682454e-01   7.7892539e-01   1.0000000e+00
   9.0583447e-01   8.3487790e-01   1.0000000e+00
   1.0000000e+00   7.8434309e-01   1.0000000e+00
   2.2478330e-13   9.1386169e-01   1.0000000e+00
   1.0165816e-01   8.9428055e-01   1.0000000e+00
   2.1133757e-01   9.1441376e-01   1.0000000e+00
   3.2568511e-01   9.0612827e-01   1.0000000e+00
   4.3314927e-01   9.0076018e-01   1.0000000e+00
   5.4117916e-01   9.0942832e-01   1.0000000e+00
   6.3109319e-01   8.9101320e-01   1.0000000e+00
   7.2661928e-01   9.1426910e-01   1.0000000e+00
   8.2519412e-01   9.0116590e-01   1.0000000e+00
   9.2588427e-01   9.3069739e-01   1.0000000e+00
   1.0000000e+00   8.8526001e-01   1.0000000e+00
  -1.0482448e-12   1.0044886e+00   1.0000000e+00
   8.5906484e-02   1.0000000e+00   1.0000000e+00
   1.7592546e-01   1.0000000e+00   1.0000000e+00
   2.7968844e-01   1.0000000e+00   1.0000000e+00
   3.8070945e-01   1.0000000e+00   1.0000000e+00
   4.7710629e-01   1.0000000e+00   1.0000000e+00
   5.7969870e-01   1.0000000e+00   1.0000000e+00
   6.7299518e-01   1.0000000e+00   1.0000000e+00
   7.8129018e-01   1.0000000e+00   1.0000000e+00
   8.8301851e-01   1.0000000e+00   1.0000000e+00
   1.0034345e+00   1.0000000e+00   1.0000000e+00
